Supplemental results for CODEML (seqf: HLA_DQB1_subset.cds.mafft.trimal.phy  treef: HLA_DQB1_subset.tree)


MLEs of dN/dS (w) for site classes (K=5)

p:   0.20744  0.20744  0.20744  0.20744  0.17025
w:   0.02329  0.09739  0.21033  0.41834  1.00000

Naive Empirical Bayes (NEB) probabilities for 5 classes & postmean_w
(amino acids refer to 1st sequence: ENSP00000407332)

   1 K   0.11310 0.51998 0.32919 0.03771 0.00003 ( 2)  0.138
   2 A   0.00006 0.01069 0.11299 0.48041 0.39585 ( 4)  0.622
   3 L   0.04327 0.32838 0.43895 0.18658 0.00281 ( 3)  0.206
   4 R   0.00000 0.00000 0.00000 0.00224 0.99776 ( 5)  0.999
   5 I   0.00125 0.12332 0.49257 0.37811 0.00474 ( 3)  0.279
   6 P   0.24887 0.44028 0.26041 0.05022 0.00021 ( 2)  0.125
   7 G   0.00006 0.01060 0.11130 0.47141 0.40663 ( 4)  0.628
   8 D   0.00000 0.00200 0.09176 0.69591 0.21033 ( 4)  0.521
   9 L   0.00000 0.00102 0.02507 0.24266 0.73124 ( 5)  0.838
  10 R   0.00000 0.00003 0.00391 0.14126 0.85480 ( 5)  0.915
  11 V   0.00000 0.00001 0.00076 0.03560 0.96363 ( 5)  0.979
  12 A   0.00857 0.10579 0.29141 0.44177 0.15247 ( 4)  0.409
  13 T   0.00000 0.00024 0.01169 0.18717 0.80089 ( 5)  0.882
  14 V   0.36308 0.45641 0.16594 0.01456 0.00001 ( 2)  0.094
  15 T   0.00000 0.00466 0.12466 0.67899 0.19169 ( 4)  0.502
  16 L   0.00001 0.00955 0.19696 0.71489 0.07860 ( 4)  0.420
  17 M   0.00000 0.00555 0.14616 0.72626 0.12203 ( 4)  0.457
  18 L   0.23887 0.43440 0.26913 0.05726 0.00034 ( 2)  0.129
  19 A   0.00010 0.04205 0.36646 0.57255 0.01883 ( 4)  0.340
  20 M   0.00163 0.14652 0.51687 0.33163 0.00335 ( 3)  0.265
  21 L   0.64142 0.27394 0.07669 0.00793 0.00002 ( 1)  0.061
  22 S   0.07472 0.44067 0.40081 0.08363 0.00017 ( 2)  0.164
  23 S   0.00000 0.00003 0.00775 0.28721 0.70501 ( 5)  0.827
  24 L   0.09333 0.27220 0.34176 0.25551 0.03719 ( 3)  0.245
  25 L   0.00001 0.01087 0.21139 0.70750 0.07024 ( 4)  0.412
  26 A   0.01194 0.13717 0.33922 0.42372 0.08795 ( 4)  0.350
  27 E   0.10377 0.50419 0.34657 0.04544 0.00004 ( 2)  0.143
  28 G   0.00833 0.22386 0.50109 0.26421 0.00251 ( 3)  0.240
  29 R   0.00000 0.00011 0.00396 0.07774 0.91819 ( 5)  0.952
  30 D   0.11153 0.51679 0.33232 0.03932 0.00003 ( 2)  0.139
  31 S   0.00005 0.00986 0.10747 0.47611 0.40651 ( 4)  0.629
  32 P   0.01269 0.14322 0.34574 0.41637 0.08199 ( 4)  0.343
  33 E   0.00000 0.00016 0.02600 0.55062 0.42322 ( 4)  0.659
  34 D   0.02802 0.25220 0.43195 0.27798 0.00985 ( 3)  0.242
  35 F   0.06545 0.41435 0.41705 0.10284 0.00030 ( 3)  0.173
  36 V   0.01123 0.26623 0.50576 0.21489 0.00189 ( 3)  0.224
  37 F   0.00000 0.00000 0.00000 0.00057 0.99943 ( 5)  1.000
  38 Q   0.31100 0.45802 0.20629 0.02466 0.00003 ( 2)  0.106
  39 F   0.00116 0.05236 0.25530 0.53332 0.15787 ( 4)  0.440
  40 K   0.00072 0.08874 0.45001 0.45319 0.00734 ( 4)  0.300
  41 G   0.00000 0.00002 0.00575 0.23082 0.76341 ( 5)  0.861
  42 M   0.00000 0.00000 0.00001 0.00709 0.99290 ( 5)  0.996
  43 C   0.61957 0.28348 0.08682 0.01010 0.00002 ( 1)  0.065
  44 Y   0.64940 0.27127 0.07264 0.00669 0.00001 ( 1)  0.060
  45 F   0.06533 0.41376 0.41713 0.10347 0.00031 ( 3)  0.173
  46 T   0.00580 0.17638 0.47279 0.33858 0.00645 ( 3)  0.265
  47 N   0.74346 0.21976 0.03542 0.00136 0.00000 ( 1)  0.047
  48 G   0.73043 0.22782 0.03993 0.00181 0.00000 ( 1)  0.048
  49 T   0.69306 0.24961 0.05388 0.00344 0.00000 ( 1)  0.053
  50 E   0.01497 0.31796 0.50951 0.15701 0.00054 ( 3)  0.205
  51 R   0.00355 0.12670 0.42309 0.42915 0.01751 ( 4)  0.298
  52 V   0.29858 0.45803 0.21559 0.02775 0.00005 ( 2)  0.109
  53 R   0.24650 0.43641 0.26219 0.05452 0.00037 ( 2)  0.127
  54 L   0.00000 0.00000 0.00000 0.00001 0.99999 ( 5)  1.000
  55 V   0.35089 0.45732 0.17508 0.01669 0.00002 ( 2)  0.097
  56 T   0.00068 0.08032 0.41545 0.48932 0.01423 ( 4)  0.314
  57 R   0.11005 0.30308 0.34810 0.21963 0.01914 ( 3)  0.216
  58 Y   0.00004 0.02023 0.24710 0.67013 0.06250 ( 4)  0.397
  59 I   0.09464 0.48700 0.36357 0.05472 0.00006 ( 2)  0.149
  60 Y   0.62143 0.28251 0.08602 0.01002 0.00003 ( 1)  0.064
  61 N   0.75202 0.21423 0.03263 0.00113 0.00000 ( 1)  0.046
  62 R   0.00002 0.00922 0.14434 0.62647 0.21996 ( 4)  0.513
  63 E   0.76177 0.20744 0.02983 0.00096 0.00000 ( 1)  0.045
  64 E   0.77664 0.19706 0.02560 0.00070 0.00000 ( 1)  0.043
  65 Y   0.00000 0.00000 0.00018 0.03588 0.96394 ( 5)  0.979
  66 A   0.00000 0.00006 0.01211 0.36308 0.62476 ( 5)  0.779
  67 R   0.00673 0.19474 0.48561 0.30843 0.00448 ( 3)  0.255
  68 F   0.05734 0.38682 0.42898 0.12628 0.00058 ( 3)  0.183
  69 D   0.77204 0.20042 0.02678 0.00076 0.00000 ( 1)  0.043
  70 S   0.71810 0.23567 0.04407 0.00216 0.00000 ( 1)  0.050
  71 D   0.40623 0.45098 0.13470 0.00809 0.00000 ( 2)  0.085
  72 V   0.00000 0.00698 0.15843 0.69441 0.14019 ( 4)  0.465
  73 G   0.01114 0.26783 0.51104 0.20862 0.00137 ( 3)  0.222
  74 V   0.00206 0.17174 0.54150 0.28301 0.00169 ( 3)  0.251
  75 Y   0.00000 0.00373 0.10643 0.66516 0.22468 ( 4)  0.526
  76 R   0.00000 0.00067 0.04159 0.51987 0.43787 ( 4)  0.664
  77 A   0.32433 0.45896 0.19537 0.02131 0.00002 ( 2)  0.102
  78 V   0.00105 0.10765 0.46351 0.41820 0.00959 ( 3)  0.293
  79 T   0.67087 0.26117 0.06308 0.00487 0.00000 ( 1)  0.056
  80 P   0.01419 0.30781 0.50975 0.16751 0.00074 ( 3)  0.208
  81 Q   0.00487 0.15444 0.44658 0.38002 0.01410 ( 3)  0.282
  82 G   0.72967 0.22839 0.04012 0.00182 0.00000 ( 1)  0.048
  83 R   0.00588 0.17670 0.46937 0.34019 0.00786 ( 3)  0.266
  84 P   0.00038 0.05159 0.33030 0.57113 0.04661 ( 4)  0.360
  85 D   0.00000 0.00000 0.00000 0.00001 0.99999 ( 5)  1.000
  86 A   0.00793 0.21613 0.49599 0.27672 0.00322 ( 3)  0.245
  87 E   0.11582 0.52284 0.32472 0.03659 0.00002 ( 2)  0.137
  88 Y   0.00000 0.00365 0.10576 0.67057 0.22001 ( 4)  0.523
  89 W   0.00002 0.01031 0.15930 0.65585 0.17453 ( 4)  0.483
  90 N   0.75202 0.21423 0.03263 0.00113 0.00000 ( 1)  0.046
  91 S   0.00000 0.00002 0.00447 0.20320 0.79231 ( 5)  0.878
  92 Q   0.00833 0.22346 0.50008 0.26540 0.00272 ( 3)  0.241
  93 K   0.00001 0.01087 0.21290 0.71074 0.06548 ( 4)  0.409
  94 E   0.01673 0.33899 0.50601 0.13788 0.00039 ( 3)  0.198
  95 V   0.00000 0.00000 0.00000 0.00089 0.99910 ( 5)  0.999
  96 L   0.04489 0.33522 0.43801 0.17940 0.00248 ( 3)  0.203
  97 E   0.01733 0.34784 0.50694 0.12767 0.00022 ( 3)  0.195
  98 G   0.00000 0.00001 0.00311 0.16280 0.83408 ( 5)  0.903
  99 T   0.00000 0.00001 0.00261 0.16316 0.83422 ( 5)  0.903
 100 R   0.65755 0.26713 0.06915 0.00616 0.00001 ( 1)  0.058
 101 A   0.70640 0.24220 0.04864 0.00276 0.00000 ( 1)  0.051
 102 E   0.00001 0.01733 0.28292 0.67445 0.02529 ( 4)  0.369
 103 L   0.00000 0.00048 0.02914 0.38372 0.58666 ( 5)  0.753
 104 D   0.40569 0.45110 0.13507 0.00814 0.00000 ( 2)  0.085
 105 T   0.07223 0.43321 0.40498 0.08936 0.00022 ( 2)  0.167
 106 V   0.34762 0.45871 0.17704 0.01661 0.00001 ( 2)  0.097
 107 C   0.62902 0.27990 0.08221 0.00886 0.00002 ( 1)  0.063
 108 R   0.01039 0.12347 0.32096 0.43624 0.10894 ( 4)  0.371
 109 H   0.00122 0.12156 0.49190 0.38082 0.00449 ( 3)  0.279
 110 N   0.74812 0.21676 0.03388 0.00123 0.00000 ( 1)  0.046
 111 Y   0.65745 0.26768 0.06895 0.00592 0.00001 ( 1)  0.058
 112 E   0.00000 0.00034 0.03524 0.56083 0.40359 ( 4)  0.646
 113 V   0.00000 0.00000 0.00000 0.00011 0.99989 ( 5)  1.000
 114 A   0.00000 0.00113 0.06745 0.67707 0.25434 ( 4)  0.552
 115 F   0.00000 0.00000 0.00000 0.00001 0.99999 ( 5)  1.000
 116 R   0.00000 0.00000 0.00000 0.00168 0.99832 ( 5)  0.999
 117 G   0.00000 0.00000 0.00002 0.00840 0.99158 ( 5)  0.995
 118 I   0.00000 0.00035 0.02448 0.38022 0.59495 ( 5)  0.759
 119 L   0.00015 0.02420 0.20367 0.58449 0.18749 ( 4)  0.477
 120 Q   0.05703 0.38423 0.42805 0.12992 0.00077 ( 3)  0.184
 121 R   0.64206 0.27384 0.07631 0.00777 0.00002 ( 1)  0.061
 122 R   0.00017 0.00971 0.06930 0.29269 0.62813 ( 5)  0.766
 123 V   0.00138 0.12994 0.49545 0.36778 0.00545 ( 3)  0.276
 124 E   0.00003 0.01536 0.20174 0.65454 0.12833 ( 4)  0.446
 125 P   0.51282 0.30830 0.14286 0.03535 0.00067 ( 1)  0.087
 126 T   0.00000 0.00019 0.00659 0.10806 0.88517 ( 5)  0.932
 127 V   0.74381 0.21896 0.03573 0.00149 0.00000 ( 1)  0.047
 128 T   0.05370 0.37258 0.43275 0.14009 0.00089 ( 3)  0.188
 129 I   0.09000 0.47694 0.37232 0.06066 0.00008 ( 2)  0.152
 130 S   0.58650 0.29429 0.10362 0.01551 0.00007 ( 1)  0.071
 131 P   0.00075 0.03620 0.19456 0.49332 0.27517 ( 4)  0.526
 132 S   0.21752 0.42345 0.28807 0.07046 0.00049 ( 2)  0.137
 133 R   0.00008 0.03424 0.33343 0.61014 0.02212 ( 4)  0.351
 134 T   0.00033 0.01817 0.11653 0.40138 0.46358 ( 5)  0.658
 135 E   0.77664 0.19706 0.02560 0.00070 0.00000 ( 1)  0.043
 136 A   0.02298 0.22060 0.41648 0.32075 0.01920 ( 3)  0.263
 137 L   0.14808 0.35624 0.33646 0.15278 0.00644 ( 2)  0.179
 138 N   0.37622 0.45733 0.15512 0.01132 0.00000 ( 2)  0.091
 139 H   0.34113 0.45956 0.18181 0.01748 0.00001 ( 2)  0.098
 140 H   0.71267 0.23872 0.04619 0.00243 0.00000 ( 1)  0.051
 141 N   0.73022 0.22816 0.03987 0.00176 0.00000 ( 1)  0.048
 142 L   0.00401 0.13447 0.42247 0.41671 0.02235 ( 3)  0.299
 143 L   0.63942 0.27471 0.07766 0.00819 0.00002 ( 1)  0.061
 144 V   0.71646 0.23586 0.04521 0.00247 0.00000 ( 1)  0.050
 145 C   0.62493 0.28145 0.08421 0.00939 0.00002 ( 1)  0.064
 146 S   0.12459 0.32462 0.34503 0.19253 0.01322 ( 3)  0.201
 147 V   0.74446 0.21854 0.03552 0.00148 0.00000 ( 1)  0.047
 148 T   0.08458 0.25571 0.33799 0.27475 0.04697 ( 3)  0.260
 149 D   0.02633 0.24222 0.42824 0.29133 0.01186 ( 3)  0.248
 150 F   0.69733 0.24769 0.05191 0.00307 0.00000 ( 1)  0.053
 151 Y   0.46326 0.30995 0.16873 0.05580 0.00226 ( 1)  0.102
 152 P   0.42311 0.30611 0.18771 0.07729 0.00578 ( 1)  0.117
 153 G   0.00000 0.00109 0.05960 0.60589 0.33342 ( 4)  0.600
 154 Q   0.28914 0.45393 0.22502 0.03185 0.00006 ( 2)  0.112
 155 I   0.01069 0.26339 0.51480 0.21014 0.00099 ( 3)  0.223
 156 K   0.55177 0.30263 0.12199 0.02339 0.00022 ( 1)  0.078
 157 V   0.20633 0.41199 0.29631 0.08421 0.00116 ( 2)  0.144
 158 R   0.00002 0.01103 0.16501 0.65162 0.17232 ( 4)  0.481
 159 W   0.60923 0.28721 0.09196 0.01156 0.00003 ( 1)  0.066
 160 F   0.64627 0.27250 0.07414 0.00708 0.00001 ( 1)  0.060
 161 R   0.05086 0.36070 0.43469 0.15243 0.00132 ( 3)  0.193
 162 N   0.55114 0.30282 0.12232 0.02350 0.00022 ( 1)  0.078
 163 D   0.00000 0.00308 0.12568 0.75972 0.11152 ( 4)  0.456
 164 Q   0.06731 0.41844 0.41305 0.10086 0.00034 ( 2)  0.172
 165 E   0.76695 0.20379 0.02838 0.00088 0.00000 ( 1)  0.044
 166 E   0.01653 0.33849 0.50889 0.13582 0.00028 ( 3)  0.197
 167 T   0.10097 0.28731 0.34656 0.23880 0.02636 ( 3)  0.229
 168 A   0.03103 0.26697 0.43276 0.26048 0.00877 ( 3)  0.235
 169 G   0.26193 0.44463 0.24883 0.04442 0.00018 ( 2)  0.121
 170 V   0.00009 0.01602 0.15233 0.53942 0.29215 ( 4)  0.551
 171 V   0.01090 0.26293 0.50824 0.21629 0.00164 ( 3)  0.225
 172 S   0.03969 0.31444 0.44337 0.19982 0.00269 ( 3)  0.211
 173 T   0.60083 0.28827 0.09665 0.01415 0.00010 ( 1)  0.068
 174 P   0.01377 0.15319 0.36033 0.40890 0.06381 ( 4)  0.326
 175 L   0.10295 0.29075 0.34691 0.23461 0.02478 ( 3)  0.227
 176 I   0.02222 0.21597 0.41485 0.32735 0.01961 ( 3)  0.265
 177 R   0.28720 0.45460 0.22652 0.03162 0.00005 ( 2)  0.112
 178 N   0.57839 0.29628 0.10791 0.01731 0.00010 ( 1)  0.072
 179 G   0.68978 0.25083 0.05553 0.00386 0.00000 ( 1)  0.054
 180 D   0.77204 0.20042 0.02678 0.00076 0.00000 ( 1)  0.043
 181 W   0.21265 0.42058 0.29240 0.07383 0.00053 ( 2)  0.139
 182 T   0.67636 0.25841 0.06074 0.00448 0.00000 ( 1)  0.056
 183 F   0.06231 0.40400 0.42192 0.11138 0.00039 ( 3)  0.177
 184 Q   0.69877 0.24655 0.05156 0.00312 0.00000 ( 1)  0.052
 185 I   0.00997 0.25152 0.51107 0.22606 0.00138 ( 3)  0.228
 186 L   0.22512 0.42602 0.28095 0.06735 0.00056 ( 2)  0.135
 187 V   0.36580 0.45600 0.16401 0.01418 0.00001 ( 2)  0.093
 188 M   0.79882 0.18111 0.01969 0.00038 0.00000 ( 1)  0.041
 189 L   0.61804 0.28320 0.08789 0.01083 0.00004 ( 1)  0.065
 190 E   0.62505 0.27994 0.08472 0.01026 0.00004 ( 1)  0.064
 191 M   0.11334 0.52134 0.32881 0.03649 0.00002 ( 2)  0.138
 192 T   0.00132 0.05810 0.27171 0.53042 0.13844 ( 4)  0.423
 193 P   0.23214 0.43179 0.27521 0.06051 0.00034 ( 2)  0.131
 194 Q   0.06363 0.40667 0.41873 0.11051 0.00046 ( 3)  0.176
 195 R   0.00001 0.00277 0.03797 0.25603 0.70321 ( 5)  0.819
 196 G   0.41471 0.30498 0.19152 0.08209 0.00670 ( 1)  0.121
 197 D   0.24049 0.43486 0.26769 0.05662 0.00034 ( 2)  0.128
 198 V   0.00008 0.03626 0.33508 0.59696 0.03162 ( 4)  0.355
 199 Y   0.65292 0.26969 0.07103 0.00636 0.00001 ( 1)  0.059
 200 T   0.00058 0.07168 0.39457 0.51487 0.01831 ( 4)  0.324
 201 C   0.63668 0.27683 0.07852 0.00795 0.00001 ( 1)  0.062
 202 H   0.00068 0.07940 0.40999 0.49209 0.01785 ( 4)  0.318
 203 V   0.74138 0.22049 0.03656 0.00157 0.00000 ( 1)  0.047
 204 E   0.10966 0.51348 0.33580 0.04103 0.00003 ( 2)  0.140
 205 H   0.71854 0.23519 0.04406 0.00221 0.00000 ( 1)  0.050
 206 P   0.05038 0.35980 0.43621 0.15241 0.00120 ( 3)  0.193
 207 S   0.72368 0.23237 0.04201 0.00193 0.00000 ( 1)  0.049
 208 L   0.27633 0.44946 0.23625 0.03785 0.00012 ( 2)  0.116
 209 Q   0.00902 0.23533 0.50484 0.24869 0.00211 ( 3)  0.235
 210 S   0.01167 0.27758 0.51615 0.19387 0.00074 ( 3)  0.218
 211 P   0.66048 0.26611 0.06767 0.00574 0.00001 ( 1)  0.058
 212 I   0.37023 0.45786 0.15960 0.01231 0.00001 ( 2)  0.092
 213 T   0.00000 0.00011 0.00675 0.14607 0.84707 ( 5)  0.910
 214 V   0.72743 0.22939 0.04119 0.00199 0.00000 ( 1)  0.049
 215 E   0.10010 0.49634 0.35347 0.05003 0.00005 ( 2)  0.146
 216 W   0.60923 0.28721 0.09196 0.01156 0.00003 ( 1)  0.066
 217 R   0.00376 0.13007 0.42071 0.42330 0.02217 ( 4)  0.300
 218 A   0.00009 0.01555 0.14914 0.53707 0.29814 ( 4)  0.556
 219 Q   0.30289 0.45657 0.21320 0.02729 0.00004 ( 2)  0.108
 220 S   0.00631 0.08152 0.24203 0.42785 0.24229 ( 4)  0.480
 221 E   0.00014 0.02308 0.19952 0.59026 0.18700 ( 4)  0.478
 222 S   0.00607 0.08000 0.24292 0.43762 0.23340 ( 4)  0.475
 223 A   0.06327 0.40510 0.41903 0.11210 0.00050 ( 3)  0.176
 224 Q   0.00002 0.01358 0.19216 0.67050 0.12373 ( 4)  0.446
 225 S   0.00086 0.09458 0.44432 0.45053 0.00970 ( 4)  0.301
 226 K   0.01730 0.31336 0.50712 0.16171 0.00051 ( 3)  0.206
 227 M   0.10865 0.51291 0.33742 0.04099 0.00003 ( 2)  0.141
 228 L   0.00001 0.00624 0.12102 0.63005 0.24269 ( 4)  0.532
 229 S   0.01962 0.19703 0.39923 0.35243 0.03168 ( 3)  0.283
 230 G   0.03273 0.28043 0.44090 0.24001 0.00594 ( 3)  0.227
 231 V   0.00000 0.00000 0.00003 0.00798 0.99199 ( 5)  0.995
 232 G   0.03479 0.28175 0.42622 0.24510 0.01214 ( 3)  0.233
 233 G   0.05592 0.37999 0.42944 0.13384 0.00082 ( 3)  0.185
 234 F   0.00004 0.01942 0.24009 0.66995 0.07050 ( 4)  0.403
 235 V   0.01261 0.28689 0.51011 0.18935 0.00104 ( 3)  0.216
 236 L   0.63002 0.27856 0.08210 0.00929 0.00003 ( 1)  0.063
 237 G   0.00722 0.20641 0.49580 0.28708 0.00349 ( 3)  0.248
 238 L   0.00199 0.08599 0.35942 0.50627 0.04633 ( 4)  0.342
 239 I   0.34807 0.46043 0.17589 0.01560 0.00001 ( 2)  0.096
 240 F   0.67146 0.26108 0.06271 0.00475 0.00000 ( 1)  0.056
 241 L   0.16629 0.37336 0.32319 0.13191 0.00525 ( 2)  0.169
 242 G   0.67830 0.25719 0.06004 0.00445 0.00000 ( 1)  0.055
 243 L   0.18727 0.39838 0.31196 0.10067 0.00172 ( 2)  0.153
 244 G   0.64380 0.27308 0.07551 0.00759 0.00002 ( 1)  0.061
 245 L   0.01234 0.14049 0.34313 0.42000 0.08405 ( 4)  0.346
 246 I   0.00000 0.00390 0.10856 0.65984 0.22770 ( 4)  0.527
 247 I   0.00008 0.03631 0.34213 0.59948 0.02201 ( 4)  0.348
 248 R   0.00000 0.00000 0.00032 0.02171 0.97797 ( 5)  0.987
 249 Q   0.00000 0.00077 0.04649 0.55137 0.40137 ( 4)  0.642
 250 R   0.00000 0.00169 0.08384 0.70553 0.20895 ( 4)  0.522
 251 S   0.00000 0.00005 0.00522 0.14674 0.84799 ( 5)  0.910
 252 Q   0.00051 0.06469 0.37196 0.53442 0.02841 ( 4)  0.337
 253 K   0.01374 0.16538 0.39449 0.39422 0.03216 ( 3)  0.296
 254 G   0.00000 0.00036 0.01070 0.14083 0.84810 ( 5)  0.909
 255 -   0.00000 0.00000 0.00000 0.00008 0.99992 ( 5)  1.000
 256 -   0.00000 0.00000 0.00000 0.00086 0.99914 ( 5)  1.000
 257 -   0.00000 0.00000 0.00000 0.00004 0.99996 ( 5)  1.000
 258 -   0.00000 0.00000 0.00000 0.00042 0.99958 ( 5)  1.000
 259 -   0.00000 0.00365 0.07317 0.46762 0.45556 ( 4)  0.667
 260 L   0.00000 0.00000 0.00003 0.00592 0.99405 ( 5)  0.997
 261 L   0.00000 0.00007 0.00426 0.09766 0.89801 ( 5)  0.940

Positively selected sites

	Prob(w>1)  mean w



lnL = -7559.592066
