

TREE # 1

  0  0.0000   8675.793052  x:  0.09263   0.06233   0.01069   0.05926   0.03328   0.09235   0.02123   0.05870   0.05535   0.02403   0.10173   0.03236   0.08858   0.06986   0.03217   0.06217   0.04222   0.01820   0.07871   0.05652   0.09166   0.05780   0.07203   0.02054   0.04343   0.05301   0.05079   0.05457   0.02080   0.01807   0.09995   0.06647   0.08720   0.01396   0.08855   0.05884   0.09959   0.06631   0.08675   0.02716   0.05906   0.07766   0.01671   0.07964   0.10068   0.08266   0.06708   0.06478   0.04000   0.06953   0.07569   0.06763   2.00000   0.90000   0.78203   1.56268
  1 99.0000   7815.135365  x:  0.18206   0.05884   0.02665   0.04312   0.04090   0.18178   0.07995   0.03316   0.05092   0.25136   0.06529   0.01869   0.04881   0.04407   0.00000   0.03157   0.07627   0.02360   0.07508   0.08545   0.15417   0.13859   0.13127   0.18904   0.26204   0.06041   0.13677   0.10174   0.02537   0.08660   0.09371   0.04729   0.07981   0.59410   0.10748   0.12376   0.08489   0.06438   0.11720   0.31894   0.09929   0.06827   0.07286   0.07580   0.07782   0.05205   0.04609   0.06727   0.19040   0.11917   0.20267   0.22831   2.00194   0.93798   0.75060   1.57703
  2 5701.1602   7792.514027  x:  0.21118   0.05800   0.02889   0.03811   0.04280   0.21090   0.09465   0.02085   0.04599   0.30614   0.05008   0.01672   0.03333   0.03707   0.17978   0.02120   0.08656   0.02225   0.07135   0.09342   0.17498   0.16190   0.14902   0.22842   0.31826   0.06243   0.16071   0.11583   0.02367   0.10048   0.09085   0.03890   0.07365   0.73172   0.10977   0.14365   0.08004   0.06378   0.12929   0.38949   0.11163   0.06411   0.08605   0.07366   0.06957   0.04055   0.03963   0.06887   0.22925   0.13357   0.23988   0.27406   2.00292   0.94728   0.73972   1.58185
  3 8778.6820   7747.353261  x:  0.23183   0.05867   0.02292   0.03778   0.04251   0.23155   0.09354   0.00000   0.03288   0.30204   0.03034   0.02610   0.01111   0.03286   0.17862   0.01780   0.09054   0.01513   0.06196   0.09525   0.19062   0.17089   0.15740   0.22110   0.32476   0.06304   0.16736   0.12216   0.01445   0.09003   0.08683   0.02744   0.05922   0.71960   0.10209   0.15427   0.07752   0.06394   0.14335   0.38583   0.11821   0.05855   0.08261   0.07005   0.06266   0.03019   0.03953   0.07293   0.23335   0.13900   0.25645   0.29145   2.00470   0.93782   0.73165   1.58486
  4 693.1681   7732.200843  x:  0.24077   0.05865   0.02633   0.03818   0.04230   0.24049   0.09174   0.00000   0.02677   0.30040   0.02126   0.01599   0.00000   0.03568   0.17809   0.02370   0.09066   0.02360   0.05740   0.09591   0.19659   0.17463   0.16064   0.21712   0.32878   0.06388   0.17022   0.12426   0.01693   0.08471   0.08565   0.02336   0.05145   0.71292   0.09899   0.15860   0.07700   0.06315   0.14765   0.38436   0.12116   0.05623   0.08167   0.06806   0.06022   0.02861   0.04115   0.07443   0.23580   0.14096   0.26397   0.30011   2.00591   0.93809   0.72587   1.58719
  5 1087.6129   7719.395627  x:  0.25840   0.05616   0.03746   0.03652   0.04008   0.25812   0.07723   0.00000   0.01919   0.29996   0.00000   0.05158   0.00000   0.05505   0.17713   0.03215   0.08102   0.05518   0.04572   0.09696   0.19992   0.18242   0.16386   0.20507   0.34815   0.06706   0.17333   0.12566   0.03499   0.06752   0.08941   0.02788   0.02709   0.69397   0.09856   0.16461   0.08137   0.05689   0.14239   0.38564   0.12502   0.05129   0.08319   0.06222   0.05850   0.04380   0.04770   0.07697   0.24852   0.14057   0.28113   0.32647   2.01224   0.95975   0.69656   1.59952
  6 406.4939   7703.507975  x:  0.27477   0.05406   0.02495   0.03295   0.03815   0.27448   0.04598   0.00000   0.03442   0.30554   0.00000   0.04549   0.00000   0.05268   0.17610   0.01010   0.07156   0.06307   0.03072   0.09834   0.19455   0.18927   0.16303   0.18937   0.37988   0.06913   0.17217   0.12435   0.03717   0.04429   0.09865   0.04222   0.00000   0.66859   0.10836   0.16676   0.08698   0.05355   0.12793   0.39300   0.12492   0.04594   0.08791   0.05910   0.05909   0.05226   0.03980   0.07497   0.26932   0.13351   0.29816   0.36180   2.02397   0.94244   0.65011   1.61849
  7 221.5981   7703.507975  x:  0.27477   0.05406   0.02495   0.03295   0.03815   0.27448   0.04598   0.00000   0.03442   0.30554   0.00000   0.04549   0.00000   0.05268   0.17610   0.01010   0.07156   0.06307   0.03072   0.09834   0.19455   0.18927   0.16303   0.18937   0.37988   0.06913   0.17217   0.12435   0.03717   0.04429   0.09865   0.04222   0.00000   0.66859   0.10836   0.16676   0.08698   0.05355   0.12793   0.39300   0.12492   0.04594   0.08791   0.05910   0.05909   0.05226   0.03980   0.07497   0.26932   0.13351   0.29816   0.36180   2.02397   0.94244   0.65011   1.61849
  8 698.1768   7658.885638  x:  0.31303   0.05958   0.01677   0.04160   0.04184   0.31275   0.04239   0.00000   0.00683   0.29827   0.00000   0.01187   0.00000   0.02355   0.10559   0.09117   0.09484   0.02125   0.01525   0.10222   0.22795   0.20471   0.17949   0.17739   0.38851   0.06625   0.18431   0.13792   0.00000   0.03159   0.08671   0.01127   0.00608   0.64439   0.09648   0.18792   0.07574   0.06394   0.16928   0.38588   0.13905   0.03596   0.07872   0.05674   0.04397   0.01173   0.03766   0.08094   0.27316   0.14314   0.32558   0.39111   2.02875   0.91041   0.63571   1.62425
  9 577.8803   7655.552631  x:  0.31714   0.06015   0.01602   0.04247   0.04222   0.31685   0.04200   0.00000   0.00406   0.29750   0.00025   0.00873   0.00000   0.02065   0.09794   0.09933   0.09728   0.01697   0.01369   0.10266   0.23152   0.20636   0.18124   0.17610   0.38945   0.06596   0.18561   0.13936   0.00228   0.03040   0.08547   0.00813   0.00672   0.64177   0.09521   0.19018   0.07455   0.06501   0.17365   0.38512   0.14058   0.03493   0.07775   0.05646   0.04241   0.00768   0.03751   0.08159   0.27358   0.14416   0.32853   0.39426   2.02927   0.90708   0.63413   1.62488
 10 5210.2641   7642.811231  x:  0.34278   0.06253   0.01817   0.04487   0.04352   0.34250   0.03914   0.00000   0.00000   0.29287   0.03364   0.02549   0.00000   0.01741   0.04585   0.12559   0.10932   0.00525   0.00946   0.10632   0.25276   0.21675   0.19175   0.16802   0.39590   0.06503   0.19350   0.14744   0.00357   0.02785   0.07989   0.00041   0.01030   0.62414   0.08818   0.20373   0.06850   0.06901   0.19764   0.38034   0.14978   0.03061   0.07284   0.05354   0.03626   0.00834   0.04114   0.08643   0.27647   0.15037   0.34709   0.41448   2.03286   0.89224   0.62282   1.62953
 11 1178.5004   7628.084825  x:  0.36195   0.06379   0.02000   0.04545   0.04396   0.36167   0.03677   0.00000   0.01379   0.28986   0.03770   0.02727   0.00000   0.02210   0.00547   0.13908   0.11668   0.01113   0.00991   0.10949   0.26818   0.22453   0.19936   0.16213   0.40115   0.06502   0.19930   0.15301   0.00424   0.02981   0.07743   0.00867   0.01310   0.61028   0.08396   0.21364   0.06559   0.07113   0.21411   0.37679   0.15621   0.02889   0.07014   0.05160   0.03428   0.01311   0.04408   0.08997   0.27882   0.15500   0.36109   0.42990   2.03578   0.88312   0.61390   1.63327
 12 1500.2663   7620.134489  x:  0.38101   0.06353   0.02305   0.04261   0.04288   0.38073   0.03268   0.00000   0.00000   0.28727   0.02872   0.03101   0.00000   0.03211   0.00085   0.13140   0.11923   0.01340   0.01326   0.11200   0.28153   0.23201   0.20613   0.15696   0.40729   0.06453   0.20459   0.15702   0.00424   0.03306   0.07761   0.01233   0.01303   0.59470   0.08115   0.22173   0.06428   0.06985   0.22589   0.37375   0.16244   0.03154   0.07025   0.05166   0.03947   0.01872   0.04712   0.09290   0.28166   0.15870   0.37520   0.44605   2.03930   0.87929   0.60420   1.63760
 13 410.8468   7620.134489  x:  0.38101   0.06353   0.02305   0.04261   0.04288   0.38073   0.03268   0.00000   0.00000   0.28727   0.02872   0.03101   0.00000   0.03211   0.00085   0.13140   0.11923   0.01340   0.01326   0.11200   0.28153   0.23201   0.20613   0.15696   0.40729   0.06453   0.20459   0.15702   0.00424   0.03306   0.07761   0.01233   0.01303   0.59470   0.08115   0.22173   0.06428   0.06985   0.22589   0.37375   0.16244   0.03154   0.07025   0.05166   0.03947   0.01872   0.04712   0.09290   0.28166   0.15870   0.37520   0.44605   2.03930   0.87929   0.60420   1.63760
 14 5522.4289   7616.064640  x:  0.38136   0.06347   0.02302   0.04245   0.04280   0.38107   0.03252   0.00000   0.00232   0.28729   0.02763   0.03070   0.00000   0.03218   0.01425   0.13020   0.11903   0.01390   0.01352   0.11205   0.28168   0.23213   0.20621   0.15691   0.40745   0.06463   0.20466   0.15702   0.00623   0.03338   0.07776   0.01274   0.01298   0.59430   0.08124   0.22179   0.06436   0.06969   0.22586   0.37371   0.16248   0.03170   0.07040   0.05171   0.03969   0.01868   0.04711   0.09289   0.28174   0.15875   0.37546   0.44639   2.03941   0.87946   0.60399   1.63772
 15 2171.3858   7603.873715  x:  0.39022   0.06183   0.02239   0.03861   0.04083   0.38993   0.02843   0.00000   0.02560   0.28763   0.00000   0.02316   0.00000   0.03377   0.00982   0.09951   0.11402   0.02549   0.01879   0.11286   0.28539   0.23525   0.20816   0.15569   0.41161   0.06624   0.20635   0.15691   0.03530   0.03963   0.08146   0.02198   0.01151   0.58425   0.08331   0.22340   0.06642   0.06553   0.22520   0.37281   0.16384   0.03563   0.07422   0.05327   0.04520   0.01759   0.04685   0.09267   0.28378   0.15970   0.38227   0.45510   2.04202   0.88339   0.59868   1.64052
 16 407.2529   7603.873715  x:  0.39022   0.06183   0.02239   0.03861   0.04083   0.38993   0.02843   0.00000   0.02560   0.28763   0.00000   0.02316   0.00000   0.03377   0.00982   0.09951   0.11402   0.02549   0.01879   0.11286   0.28539   0.23525   0.20816   0.15569   0.41161   0.06624   0.20635   0.15691   0.03530   0.03963   0.08146   0.02198   0.01151   0.58425   0.08331   0.22340   0.06642   0.06553   0.22520   0.37281   0.16384   0.03563   0.07422   0.05327   0.04520   0.01759   0.04685   0.09267   0.28378   0.15970   0.38227   0.45510   2.04202   0.88339   0.59868   1.64052
 17 352.0717   7593.649620  x:  0.40126   0.06097   0.02347   0.03792   0.03981   0.40097   0.02138   0.00000   0.01220   0.28680   0.00369   0.02686   0.00000   0.03337   0.00160   0.06128   0.10927   0.02586   0.01449   0.11082   0.28987   0.23813   0.21047   0.15414   0.41611   0.06513   0.20820   0.15670   0.01232   0.03659   0.08297   0.01615   0.00917   0.57134   0.08426   0.22484   0.06836   0.06194   0.22452   0.37150   0.16465   0.03681   0.07572   0.05456   0.04626   0.01853   0.04694   0.09241   0.28589   0.16029   0.39070   0.46596   2.04546   0.88531   0.59298   1.64382
 18 258.6767   7590.516793  x:  0.40568   0.06063   0.02385   0.03765   0.03942   0.40540   0.01858   0.00000   0.00701   0.28648   0.00473   0.02816   0.00000   0.03321   0.00376   0.04604   0.10739   0.02586   0.01290   0.11004   0.29165   0.23930   0.21138   0.15351   0.41792   0.06472   0.20893   0.15662   0.00368   0.03547   0.08357   0.01402   0.00834   0.56614   0.08465   0.22541   0.06912   0.06054   0.22424   0.37097   0.16498   0.03724   0.07631   0.05503   0.04666   0.01885   0.04696   0.09229   0.28672   0.16052   0.39407   0.47031   2.04685   0.88610   0.59067   1.64515
 19 4187.0489   7586.442208  x:  0.41353   0.06009   0.02401   0.03724   0.03881   0.41324   0.01392   0.00000   0.00101   0.28595   0.00358   0.02894   0.00000   0.03298   0.00453   0.02070   0.10428   0.02469   0.01156   0.10902   0.29470   0.24140   0.21290   0.15238   0.42116   0.06430   0.21011   0.15644   0.00872   0.03478   0.08462   0.01265   0.00787   0.55672   0.08542   0.22640   0.07023   0.05833   0.22370   0.37002   0.16557   0.03768   0.07722   0.05549   0.04709   0.01898   0.04684   0.09199   0.28815   0.16092   0.39999   0.47804   2.04938   0.88769   0.58641   1.64761
 20 692.9017   7585.469043  x:  0.41734   0.05990   0.02383   0.03712   0.03861   0.41706   0.01171   0.00000   0.00637   0.28580   0.00343   0.02858   0.00000   0.03292   0.00456   0.01382   0.10300   0.02390   0.01194   0.10873   0.29612   0.24244   0.21356   0.15182   0.42277   0.06441   0.21062   0.15635   0.00873   0.03509   0.08508   0.01317   0.00818   0.55196   0.08583   0.22687   0.07063   0.05753   0.22342   0.36952   0.16574   0.03766   0.07754   0.05545   0.04711   0.01882   0.04670   0.09178   0.28880   0.16111   0.40284   0.48182   2.05067   0.88853   0.58422   1.64887
 21 396.7805   7580.236667  x:  0.43798   0.05909   0.02265   0.03671   0.03780   0.43770   0.00000   0.00000   0.00645   0.28473   0.00060   0.02553   0.00000   0.03273   0.00444   0.01613   0.09693   0.02103   0.01350   0.10694   0.30351   0.24789   0.21689   0.14878   0.43131   0.06439   0.21315   0.15572   0.00840   0.03615   0.08713   0.01685   0.01016   0.52576   0.08760   0.22914   0.07253   0.05413   0.22187   0.36678   0.16670   0.03711   0.07863   0.05502   0.04685   0.01779   0.04593   0.09065   0.29212   0.16187   0.41810   0.50226   2.05788   0.89251   0.57238   1.65583
 22 252.7661   7574.216152  x:  0.49182   0.05731   0.02059   0.03591   0.03606   0.49153   0.00000   0.00000   0.00689   0.28211   0.01815   0.01992   0.00000   0.03234   0.00592   0.02334   0.08273   0.01873   0.01635   0.10194   0.32244   0.26180   0.22529   0.14096   0.45341   0.06439   0.21955   0.15402   0.01226   0.03862   0.09155   0.02382   0.01352   0.45680   0.09121   0.23473   0.07646   0.04639   0.21791   0.35958   0.16912   0.03562   0.08080   0.05386   0.04606   0.01603   0.04426   0.08787   0.30054   0.16375   0.45776   0.55564   2.07697   0.90128   0.54190   1.67406
 23 3097.7399   7571.002349  x:  0.51759   0.05919   0.02700   0.03756   0.03786   0.51730   0.00000   0.00000   0.01129   0.28140   0.01499   0.03342   0.00000   0.03307   0.00699   0.02817   0.09055   0.02719   0.01340   0.09845   0.32902   0.26686   0.22722   0.13836   0.46320   0.06477   0.22074   0.15278   0.01580   0.03722   0.08772   0.01305   0.00635   0.42001   0.08698   0.23492   0.07198   0.05357   0.21682   0.35596   0.16887   0.03486   0.07777   0.05260   0.04528   0.02196   0.04624   0.08816   0.30271   0.16220   0.47575   0.58169   2.08861   0.88953   0.53227   1.68307
 24 283.8143   7569.078917  x:  0.53377   0.06166   0.02174   0.03761   0.03922   0.53348   0.00000   0.00000   0.01110   0.28188   0.01563   0.02722   0.00000   0.03358   0.00691   0.02777   0.10616   0.02622   0.01149   0.09662   0.33011   0.26829   0.22597   0.13934   0.46841   0.06551   0.21926   0.15262   0.01567   0.03737   0.08211   0.01036   0.01610   0.39415   0.08366   0.23334   0.06660   0.06614   0.21698   0.35409   0.16735   0.03407   0.07382   0.05347   0.04541   0.01694   0.04654   0.08977   0.30228   0.15791   0.48572   0.59881   2.09952   0.86774   0.53247   1.68963
 25 180.6055   7568.662841  x:  0.53748   0.06203   0.02519   0.03815   0.03879   0.53719   0.00000   0.00000   0.01017   0.28288   0.01644   0.02458   0.00000   0.03360   0.00676   0.02709   0.11044   0.02392   0.01417   0.09757   0.32878   0.26775   0.22465   0.14156   0.46936   0.06610   0.21829   0.15328   0.01503   0.03985   0.08157   0.01655   0.01318   0.38787   0.08308   0.23234   0.06565   0.06770   0.21783   0.35447   0.16706   0.03585   0.07357   0.05484   0.04629   0.02002   0.04752   0.09148   0.30141   0.15524   0.48730   0.60335   2.10465   0.86124   0.53508   1.69245
 26 84.3583   7568.410320  x:  0.54002   0.06197   0.02225   0.03782   0.03765   0.53974   0.00000   0.00000   0.01005   0.28541   0.01655   0.02698   0.00000   0.03380   0.00678   0.02726   0.11125   0.02367   0.01544   0.09980   0.32588   0.26629   0.22272   0.14587   0.46959   0.06720   0.21722   0.15511   0.01501   0.04209   0.08228   0.01766   0.01011   0.38460   0.08458   0.23130   0.06493   0.06502   0.21974   0.35636   0.16756   0.03774   0.07544   0.05692   0.04702   0.01717   0.04701   0.09311   0.30017   0.15132   0.48744   0.60748   2.11229   0.85854   0.54003   1.69680
 27 45.8822   7568.013819  x:  0.54451   0.06266   0.02419   0.03825   0.03704   0.54423   0.00000   0.00000   0.01039   0.29152   0.01637   0.02726   0.00000   0.03403   0.00689   0.02779   0.11014   0.02519   0.01386   0.10432   0.31927   0.26283   0.21877   0.15477   0.46954   0.06913   0.21532   0.15919   0.01530   0.04368   0.08369   0.01520   0.01452   0.38077   0.08898   0.22991   0.06487   0.05996   0.22410   0.36121   0.16898   0.03871   0.07849   0.05800   0.04732   0.01985   0.04729   0.09553   0.29777   0.14304   0.48695   0.61588   2.13017   0.85745   0.55104   1.70737
 28 76.8564   7567.681791  x:  0.54814   0.06405   0.02520   0.03856   0.03899   0.54786   0.00000   0.00000   0.01079   0.29702   0.01639   0.02378   0.00000   0.03384   0.00690   0.02792   0.10806   0.02419   0.01142   0.10752   0.31369   0.25965   0.21615   0.15986   0.46942   0.06874   0.21473   0.16152   0.01550   0.04049   0.08358   0.01380   0.01051   0.38062   0.08835   0.23008   0.06753   0.06267   0.22783   0.36617   0.17033   0.03606   0.07719   0.05531   0.04589   0.01825   0.04751   0.09440   0.29637   0.13694   0.48633   0.62403   2.14997   0.86036   0.56163   1.71995
 29 63.7433   7567.450204  x:  0.55048   0.06383   0.02324   0.03820   0.03927   0.55020   0.00000   0.00000   0.01053   0.30056   0.01659   0.02713   0.00000   0.03384   0.00687   0.02759   0.10752   0.02428   0.01251   0.10939   0.31016   0.25759   0.21487   0.16117   0.46921   0.06741   0.21470   0.16216   0.01532   0.03818   0.08325   0.01703   0.01190   0.38229   0.08666   0.23116   0.06939   0.06679   0.22951   0.36971   0.17130   0.03430   0.07542   0.05314   0.04579   0.01950   0.04790   0.09285   0.29611   0.13356   0.48575   0.63027   2.16705   0.86342   0.56946   1.73146
 30 90.4803   7567.094837  x:  0.55291   0.06039   0.02580   0.03822   0.03622   0.55262   0.00000   0.00000   0.01051   0.30356   0.01654   0.02648   0.00000   0.03421   0.00687   0.02759   0.10915   0.02498   0.01632   0.10941   0.30749   0.25591   0.21528   0.15630   0.46834   0.06447   0.21580   0.16026   0.01530   0.03795   0.08228   0.01558   0.01324   0.38906   0.08206   0.23431   0.06545   0.06879   0.22816   0.37399   0.17314   0.03720   0.07533   0.05565   0.04858   0.01775   0.04683   0.09091   0.29819   0.13239   0.48476   0.63986   2.19925   0.86703   0.58081   1.75511
 31 60.3601   7566.778995  x:  0.55414   0.06091   0.02199   0.03780   0.03759   0.55386   0.00000   0.00000   0.01077   0.30411   0.01654   0.02508   0.00000   0.03368   0.00689   0.02779   0.11095   0.02405   0.01374   0.10715   0.30703   0.25546   0.21700   0.15024   0.46710   0.06378   0.21716   0.15806   0.01535   0.03959   0.08203   0.01540   0.01190   0.39617   0.08101   0.23666   0.06202   0.06686   0.22542   0.37653   0.17394   0.03812   0.07583   0.05766   0.04798   0.02180   0.04721   0.09110   0.30050   0.13356   0.48383   0.64755   2.23031   0.86681   0.59010   1.77924
 32 107.5398   7566.476681  x:  0.55441   0.06327   0.02464   0.03843   0.04042   0.55412   0.00000   0.00000   0.01075   0.30291   0.01660   0.02700   0.00000   0.03371   0.00690   0.02774   0.11228   0.02416   0.01120   0.10453   0.30827   0.25617   0.21952   0.14509   0.46578   0.06517   0.21841   0.15645   0.01526   0.04102   0.08224   0.01819   0.01239   0.40301   0.08363   0.23800   0.06200   0.06439   0.22247   0.37760   0.17372   0.03638   0.07611   0.05831   0.04564   0.01889   0.04667   0.09209   0.30258   0.13598   0.48289   0.65361   2.26116   0.86356   0.59779   1.80470
 33 134.6787   7566.136745  x:  0.55307   0.06398   0.02401   0.03864   0.03926   0.55279   0.00000   0.00000   0.01041   0.29902   0.01661   0.02594   0.00000   0.03480   0.00691   0.02763   0.11154   0.02568   0.01781   0.10341   0.31286   0.25952   0.22367   0.14361   0.46474   0.06916   0.21957   0.15648   0.01526   0.03971   0.08245   0.01546   0.01123   0.41000   0.08916   0.23731   0.06719   0.06339   0.22035   0.37634   0.17262   0.03404   0.07567   0.05531   0.04559   0.01919   0.04794   0.09474   0.30441   0.14025   0.48194   0.65770   2.29843   0.85622   0.60386   1.83902
 34 93.3729   7565.896053  x:  0.55087   0.06287   0.02446   0.03830   0.03639   0.55059   0.00000   0.00000   0.01083   0.29533   0.01694   0.02697   0.00000   0.03298   0.00700   0.02815   0.11018   0.02288   0.01432   0.10318   0.31805   0.26346   0.22637   0.14813   0.46448   0.07011   0.21986   0.15824   0.01555   0.03975   0.08352   0.01460   0.01126   0.41294   0.08965   0.23577   0.07094   0.06647   0.22141   0.37382   0.17193   0.03723   0.07673   0.05470   0.04866   0.01925   0.04842   0.09546   0.30534   0.14368   0.48167   0.65729   2.32390   0.85230   0.60482   1.86692
 35 72.4042   7565.700232  x:  0.54822   0.06372   0.02385   0.03839   0.03766   0.54793   0.00000   0.00000   0.01067   0.29274   0.01641   0.02564   0.00000   0.03564   0.00695   0.02768   0.10944   0.02684   0.01339   0.10434   0.32309   0.26730   0.22731   0.15434   0.46515   0.06825   0.21958   0.16037   0.01530   0.04147   0.08454   0.01586   0.01140   0.41333   0.08683   0.23430   0.07008   0.06796   0.22401   0.37089   0.17118   0.03821   0.07775   0.05584   0.04801   0.01926   0.04793   0.09429   0.30550   0.14606   0.48186   0.65399   2.34424   0.85103   0.60350   1.89377
 36 72.5568   7565.552772  x:  0.54592   0.06426   0.02416   0.03855   0.03930   0.54563   0.00000   0.00000   0.01029   0.29179   0.01678   0.02652   0.00000   0.03361   0.00686   0.02738   0.10967   0.02416   0.01544   0.10536   0.32641   0.26958   0.22637   0.15819   0.46630   0.06617   0.21902   0.16179   0.01503   0.04158   0.08412   0.01496   0.01198   0.41185   0.08459   0.23348   0.06656   0.06651   0.22639   0.36858   0.17063   0.03599   0.07737   0.05651   0.04589   0.01947   0.04734   0.09287   0.30502   0.14694   0.48233   0.64940   2.35796   0.85057   0.60206   1.91600
 37 70.9130   7565.367860  x:  0.54274   0.06119   0.02402   0.03778   0.03679   0.54245   0.00000   0.00000   0.01026   0.29320   0.01659   0.02613   0.00000   0.03460   0.00679   0.02695   0.11097   0.02439   0.01342   0.10351   0.32771   0.26929   0.22108   0.15700   0.46854   0.06576   0.21786   0.16161   0.01482   0.03816   0.08145   0.01674   0.01132   0.40561   0.08551   0.23353   0.06383   0.06265   0.22847   0.36605   0.17076   0.03335   0.07436   0.05558   0.04728   0.01928   0.04727   0.09225   0.30317   0.14557   0.48349   0.63922   2.37137   0.85073   0.60070   1.94941
 38 40.7365   7565.134064  x:  0.53901   0.06226   0.02354   0.03832   0.03909   0.53872   0.00000   0.00000   0.00985   0.29582   0.01637   0.02573   0.00000   0.03213   0.00667   0.02626   0.11066   0.02523   0.01459   0.10023   0.32644   0.26659   0.21355   0.15137   0.47121   0.06672   0.21617   0.15921   0.01444   0.03782   0.08087   0.01611   0.01148   0.39513   0.08692   0.23372   0.06573   0.06330   0.22873   0.36344   0.17219   0.03790   0.07401   0.05519   0.04662   0.01878   0.04736   0.09256   0.30032   0.14207   0.48499   0.62403   2.38502   0.85227   0.60021   1.99652
 39 69.7150   7565.028939  x:  0.53783   0.06233   0.02377   0.03757   0.03846   0.53755   0.00000   0.00000   0.00961   0.29637   0.01662   0.02632   0.00000   0.03546   0.00662   0.02607   0.10916   0.02306   0.01462   0.09917   0.32459   0.26478   0.21202   0.14893   0.47170   0.06669   0.21549   0.15754   0.01425   0.04010   0.08220   0.01461   0.01158   0.39013   0.08625   0.23338   0.06682   0.06477   0.22704   0.36260   0.17203   0.03674   0.07520   0.05540   0.04586   0.01905   0.04716   0.09272   0.29882   0.14055   0.48559   0.61731   2.38908   0.85231   0.60169   2.01963
 40 67.4587   7564.913495  x:  0.53741   0.06189   0.02370   0.03742   0.03627   0.53712   0.00000   0.00000   0.00943   0.29579   0.01636   0.02586   0.00000   0.03274   0.00656   0.02571   0.10684   0.02461   0.01413   0.09922   0.32139   0.26259   0.21343   0.14763   0.47112   0.06626   0.21498   0.15577   0.01402   0.04237   0.08378   0.01441   0.01140   0.38503   0.08466   0.23252   0.06722   0.06581   0.22314   0.36194   0.17055   0.03335   0.07660   0.05560   0.04593   0.01912   0.04664   0.09247   0.29732   0.13962   0.48615   0.61104   2.39052   0.85165   0.60557   2.04658
 41 59.5874   7564.644889  x:  0.53862   0.06385   0.02342   0.03874   0.03699   0.53833   0.00000   0.00000   0.00934   0.29133   0.01637   0.02611   0.00000   0.03368   0.00649   0.02525   0.10435   0.02394   0.01386   0.10261   0.31273   0.25805   0.22241   0.14883   0.46712   0.06603   0.21435   0.15403   0.01377   0.03812   0.08220   0.01494   0.01181   0.37549   0.08316   0.22988   0.06521   0.06386   0.21192   0.36039   0.16590   0.03584   0.07595   0.05434   0.04744   0.01902   0.04624   0.09046   0.29558   0.14021   0.48712   0.60038   2.38672   0.85225   0.61869   2.11469
 42 60.5827   7564.473455  x:  0.54058   0.06189   0.02396   0.03400   0.03662   0.54030   0.00000   0.00000   0.00913   0.28793   0.01629   0.02587   0.00000   0.03313   0.00643   0.02489   0.10772   0.02427   0.01375   0.10417   0.30925   0.25653   0.22572   0.14931   0.46376   0.06606   0.21425   0.15506   0.01351   0.03897   0.08147   0.01451   0.01158   0.37301   0.08528   0.22874   0.06548   0.06428   0.21070   0.35948   0.16511   0.03696   0.07413   0.05475   0.04398   0.01874   0.04739   0.09099   0.29552   0.14223   0.48720   0.59771   2.37987   0.85490   0.62780   2.16079
 43 64.7893   7564.204624  x:  0.54445   0.05895   0.02316   0.03980   0.03683   0.54416   0.00000   0.00000   0.00871   0.28277   0.01630   0.02578   0.00000   0.03333   0.00633   0.02428   0.11289   0.02392   0.01354   0.10519   0.30591   0.25515   0.22754   0.14882   0.45812   0.06575   0.21410   0.15728   0.01302   0.04208   0.08094   0.01355   0.01112   0.37200   0.08839   0.22755   0.06653   0.06531   0.21363   0.35797   0.16548   0.03570   0.07199   0.05577   0.04345   0.01869   0.04735   0.09296   0.29582   0.14604   0.48675   0.59667   2.36526   0.85827   0.64337   2.23875
 44 138.1150   7563.727522  x:  0.55150   0.06110   0.02367   0.03609   0.04151   0.55122   0.00000   0.00000   0.00858   0.27684   0.01626   0.02598   0.00000   0.03318   0.00628   0.02385   0.11238   0.02407   0.01475   0.10398   0.30501   0.25467   0.22387   0.14582   0.44964   0.06473   0.21369   0.15936   0.01262   0.04252   0.08038   0.01320   0.01106   0.37485   0.08768   0.22719   0.06712   0.06440   0.22311   0.35536   0.16780   0.03296   0.07358   0.05602   0.05186   0.01909   0.04441   0.09384   0.29658   0.15131   0.48486   0.59991   2.33468   0.85417   0.67278   2.37930
 45 161.6909   7563.186489  x:  0.55847   0.06111   0.02369   0.03775   0.03760   0.55819   0.00000   0.00000   0.00867   0.27512   0.01625   0.02637   0.00000   0.03352   0.00628   0.02351   0.10628   0.02441   0.01486   0.10132   0.30814   0.25593   0.21712   0.14347   0.44323   0.06495   0.21366   0.15912   0.01233   0.03861   0.08083   0.01454   0.01176   0.38084   0.08348   0.22845   0.06624   0.06242   0.23149   0.35359   0.17022   0.03570   0.07704   0.05479   0.04561   0.01886   0.04778   0.09069   0.29778   0.15425   0.48209   0.60656   2.29837   0.84295   0.70581   2.53604
 46 257.6772   7562.741685  x:  0.56012   0.06586   0.02383   0.03771   0.03454   0.55983   0.00000   0.00000   0.00808   0.28882   0.01637   0.02645   0.00000   0.03360   0.00622   0.02301   0.10807   0.02432   0.01461   0.10058   0.32036   0.26218   0.21466   0.14989   0.44987   0.06906   0.21608   0.15357   0.01192   0.03879   0.08548   0.01445   0.01118   0.39050   0.08488   0.23268   0.06371   0.06442   0.22449   0.35795   0.16888   0.03636   0.07192   0.05485   0.04576   0.01920   0.04495   0.09437   0.29890   0.14761   0.47943   0.61756   2.26470   0.83824   0.72887   2.66941
 47 89.9581   7562.624502  x:  0.55917   0.06496   0.02385   0.03784   0.03629   0.55889   0.00000   0.00000   0.00808   0.29328   0.01643   0.02649   0.00000   0.03365   0.00623   0.02304   0.10978   0.02422   0.01462   0.10031   0.32377   0.26389   0.21561   0.15118   0.45442   0.06791   0.21658   0.15370   0.01192   0.03849   0.08356   0.01443   0.01100   0.39302   0.08582   0.23345   0.06544   0.06457   0.22155   0.36023   0.16867   0.03504   0.07486   0.05707   0.04721   0.01866   0.04951   0.09368   0.29920   0.14473   0.47927   0.62154   2.25539   0.83677   0.73462   2.70521
 48 80.4930   7562.558071  x:  0.55714   0.06225   0.02382   0.03791   0.03777   0.55685   0.00000   0.00000   0.00807   0.29539   0.01648   0.02648   0.00000   0.03369   0.00623   0.02302   0.11062   0.02422   0.01441   0.10011   0.32492   0.26444   0.21769   0.15070   0.45944   0.06624   0.21669   0.15607   0.01188   0.03922   0.08121   0.01443   0.01078   0.39405   0.08613   0.23326   0.06720   0.06409   0.22023   0.36250   0.16940   0.03538   0.07692   0.05567   0.04658   0.01928   0.04665   0.09268   0.29960   0.14275   0.48002   0.62483   2.25002   0.83460   0.73797   2.72509
 49 39.6006   7562.515667  x:  0.55358   0.06208   0.02387   0.03793   0.03825   0.55329   0.00000   0.00000   0.00799   0.29513   0.01650   0.02657   0.00000   0.03371   0.00622   0.02298   0.10956   0.02428   0.01418   0.10048   0.32395   0.26401   0.22040   0.14867   0.46558   0.06689   0.21664   0.15958   0.01182   0.04015   0.08245   0.01444   0.01104   0.39386   0.08557   0.23255   0.06605   0.06405   0.22130   0.36494   0.17063   0.03572   0.07511   0.05496   0.04710   0.01887   0.04804   0.09297   0.30036   0.14196   0.48208   0.62857   2.24646   0.83321   0.74029   2.73807
 50 16.2757   7562.496844  x:  0.55121   0.06309   0.02386   0.03796   0.03747   0.55093   0.00000   0.00000   0.00809   0.29418   0.01650   0.02655   0.00000   0.03375   0.00624   0.02305   0.10961   0.02428   0.01410   0.10106   0.32288   0.26360   0.22139   0.14803   0.46892   0.06694   0.21676   0.15945   0.01189   0.03859   0.08282   0.01462   0.01106   0.39340   0.08580   0.23241   0.06610   0.06447   0.22261   0.36595   0.17078   0.03546   0.07554   0.05675   0.04666   0.01915   0.04735   0.09389   0.30078   0.14220   0.48380   0.63092   2.24492   0.83304   0.74145   2.74385
 51 13.3359   7562.485270  x:  0.54922   0.06374   0.02386   0.03796   0.03703   0.54893   0.00000   0.00000   0.00806   0.29303   0.01651   0.02653   0.00000   0.03374   0.00624   0.02304   0.11022   0.02428   0.01399   0.10168   0.32179   0.26328   0.22114   0.14858   0.47090   0.06655   0.21714   0.15701   0.01188   0.03913   0.08277   0.01447   0.01110   0.39292   0.08602   0.23272   0.06635   0.06397   0.22356   0.36621   0.17050   0.03563   0.07581   0.05575   0.04684   0.01902   0.04762   0.09330   0.30095   0.14285   0.48557   0.63298   2.24406   0.83311   0.74244   2.74737
 52  7.1196   7562.479559  x:  0.54807   0.06264   0.02385   0.03795   0.03782   0.54779   0.00000   0.00000   0.00802   0.29242   0.01649   0.02655   0.00000   0.03373   0.00624   0.02304   0.10975   0.02428   0.01400   0.10161   0.32132   0.26312   0.22017   0.14918   0.47110   0.06779   0.21752   0.15634   0.01189   0.03935   0.08233   0.01443   0.01118   0.39264   0.08563   0.23302   0.06634   0.06406   0.22322   0.36561   0.16988   0.03558   0.07564   0.05607   0.04680   0.01906   0.04752   0.09335   0.30075   0.14313   0.48681   0.63429   2.24377   0.83330   0.74312   2.74910
 53  3.1934   7562.468402  x:  0.54608   0.06251   0.02384   0.03793   0.03790   0.54579   0.00000   0.00000   0.00813   0.29183   0.01643   0.02653   0.00000   0.03370   0.00626   0.02312   0.10949   0.02429   0.01414   0.10077   0.32125   0.26294   0.21824   0.14939   0.46962   0.06612   0.21744   0.15740   0.01200   0.03917   0.08305   0.01432   0.01110   0.39208   0.08615   0.23297   0.06629   0.06422   0.22145   0.36339   0.16905   0.03571   0.07525   0.05606   0.04675   0.01902   0.04753   0.09356   0.30005   0.14259   0.48900   0.63661   2.24356   0.83372   0.74442   2.75247
 54  2.5302   7562.452626  x:  0.54405   0.06389   0.02380   0.03790   0.03678   0.54376   0.00000   0.00000   0.00808   0.29188   0.01637   0.02644   0.00000   0.03367   0.00627   0.02315   0.11029   0.02424   0.01421   0.10052   0.32194   0.26297   0.21804   0.14882   0.46695   0.06746   0.21690   0.15852   0.01207   0.03941   0.08226   0.01443   0.01107   0.39134   0.08553   0.23231   0.06615   0.06421   0.22064   0.36123   0.16949   0.03541   0.07623   0.05543   0.04674   0.01901   0.04740   0.09281   0.29933   0.14094   0.49073   0.63871   2.24354   0.83509   0.74544   2.75740
 55  4.3626   7562.407384  x:  0.54064   0.06293   0.02372   0.03784   0.03744   0.54035   0.00000   0.00000   0.00833   0.29308   0.01611   0.02641   0.00000   0.03362   0.00635   0.02351   0.10910   0.02420   0.01416   0.10121   0.32360   0.26324   0.22140   0.14751   0.46047   0.06685   0.21466   0.15550   0.01248   0.03968   0.08135   0.01452   0.01123   0.38940   0.08538   0.23065   0.06653   0.06377   0.22232   0.35921   0.17112   0.03542   0.07445   0.05630   0.04653   0.01894   0.04737   0.09315   0.29878   0.13625   0.49184   0.64146   2.24395   0.83508   0.74713   2.77156
 56  6.0321   7562.314730  x:  0.53827   0.06036   0.02362   0.03782   0.03915   0.53799   0.00000   0.00000   0.00862   0.29410   0.01568   0.02607   0.00000   0.03359   0.00651   0.02420   0.11028   0.02408   0.01484   0.09930   0.32227   0.26258   0.22322   0.14772   0.45549   0.06769   0.21564   0.15461   0.01334   0.03747   0.08534   0.01522   0.01094   0.38740   0.08665   0.23130   0.06346   0.06513   0.22406   0.36225   0.16943   0.03524   0.07790   0.05369   0.04662   0.01864   0.04738   0.09324   0.29921   0.13507   0.48922   0.64216   2.24547   0.83474   0.74856   2.80089
 57  9.0396   7562.044486  x:  0.53572   0.06355   0.02330   0.03775   0.03684   0.53544   0.00000   0.00000   0.00973   0.29487   0.01408   0.02558   0.00000   0.03349   0.00702   0.02649   0.10991   0.02391   0.01573   0.09699   0.31590   0.26057   0.22032   0.14965   0.45063   0.06692   0.21935   0.15799   0.01593   0.03967   0.08189   0.01504   0.01160   0.38489   0.08412   0.23501   0.06701   0.06313   0.22324   0.37303   0.16484   0.03523   0.07468   0.05543   0.04634   0.01849   0.04695   0.09169   0.30077   0.13927   0.47919   0.64028   2.25043   0.83214   0.75433   2.88692
 58 33.9719   7561.870308  x:  0.53782   0.06346   0.02321   0.03773   0.03674   0.53753   0.00000   0.00000   0.01031   0.29213   0.01321   0.02529   0.00000   0.03345   0.00731   0.02781   0.10773   0.02389   0.01460   0.10490   0.31469   0.26040   0.21506   0.14874   0.45745   0.06658   0.21549   0.15713   0.01738   0.04029   0.07901   0.01588   0.01144   0.38784   0.08625   0.23187   0.06385   0.06588   0.21856   0.37165   0.16998   0.03463   0.07584   0.05388   0.04604   0.01805   0.04723   0.09381   0.29931   0.14280   0.47425   0.63580   2.25409   0.83202   0.76369   2.94027
 59 30.0130   7561.784980  x:  0.54021   0.06240   0.02312   0.03776   0.03753   0.53992   0.00000   0.00000   0.01082   0.29096   0.01279   0.02510   0.00000   0.03343   0.00750   0.02866   0.11036   0.02386   0.01446   0.10481   0.31469   0.26004   0.21480   0.14888   0.46440   0.06781   0.21295   0.15629   0.01829   0.03913   0.08309   0.01573   0.01185   0.39057   0.08430   0.22967   0.06623   0.06396   0.21793   0.36656   0.17114   0.03452   0.07483   0.05490   0.04613   0.01825   0.04673   0.09110   0.29767   0.14274   0.47333   0.63175   2.25614   0.83235   0.77189   2.96515
 60 24.9545   7561.728107  x:  0.54237   0.06305   0.02314   0.03777   0.03708   0.54208   0.00000   0.00000   0.01104   0.29129   0.01253   0.02510   0.00000   0.03346   0.00762   0.02913   0.10940   0.02392   0.01496   0.10050   0.31535   0.25980   0.21752   0.14978   0.47037   0.06747   0.21364   0.15603   0.01880   0.04013   0.08123   0.01593   0.01203   0.39275   0.08451   0.22999   0.06536   0.06440   0.22066   0.36114   0.16835   0.03502   0.07508   0.05423   0.04593   0.01799   0.04704   0.09280   0.29671   0.14130   0.47471   0.62749   2.25772   0.83374   0.78003   2.98031
 61 14.9062   7561.701876  x:  0.54292   0.06317   0.02318   0.03785   0.03711   0.54263   0.00000   0.00000   0.01109   0.29229   0.01244   0.02513   0.00000   0.03351   0.00768   0.02931   0.10900   0.02395   0.01476   0.10243   0.31757   0.26095   0.21808   0.14889   0.47101   0.06766   0.21680   0.15685   0.01898   0.04059   0.08152   0.01585   0.01186   0.39225   0.08640   0.23189   0.06507   0.06519   0.22188   0.36086   0.16773   0.03519   0.07491   0.05510   0.04619   0.01831   0.04675   0.09052   0.29754   0.14134   0.47790   0.62467   2.25879   0.83318   0.78505   2.98568
 62  4.5362   7561.664941  x:  0.54357   0.06291   0.02322   0.03792   0.03748   0.54328   0.00000   0.00000   0.01122   0.29380   0.01228   0.02517   0.00000   0.03359   0.00774   0.02950   0.10979   0.02400   0.01453   0.10425   0.32050   0.26281   0.21835   0.14866   0.47077   0.06722   0.21925   0.15763   0.01917   0.04015   0.08227   0.01592   0.01222   0.39125   0.08437   0.23393   0.06629   0.06417   0.22228   0.36252   0.16881   0.03522   0.07555   0.05417   0.04607   0.01800   0.04726   0.09345   0.29943   0.14253   0.48331   0.62143   2.26052   0.83305   0.79097   2.99246
 63  8.0232   7561.570553  x:  0.54568   0.06320   0.02327   0.03798   0.03740   0.54538   0.00000   0.00000   0.01130   0.29579   0.01178   0.02522   0.00000   0.03367   0.00782   0.02948   0.10885   0.02406   0.01547   0.09876   0.32300   0.26552   0.21870   0.15217   0.46966   0.06762   0.21462   0.15744   0.01930   0.04012   0.08221   0.01625   0.01215   0.39091   0.08574   0.23296   0.06575   0.06493   0.22141   0.36965   0.17368   0.03478   0.07549   0.05485   0.04617   0.01821   0.04708   0.09205   0.30315   0.14633   0.49477   0.61837   2.26530   0.83311   0.79871   3.00878
 64  6.8163   7561.018598  x:  0.56088   0.06278   0.02312   0.03762   0.03682   0.56059   0.00000   0.00000   0.01094   0.29210   0.00920   0.02512   0.00000   0.03346   0.00805   0.02807   0.10670   0.02400   0.01437   0.10437   0.32373   0.26789   0.21628   0.14673   0.46950   0.06766   0.20706   0.15798   0.01933   0.04040   0.08280   0.01616   0.01251   0.39962   0.08497   0.22536   0.06686   0.06336   0.22396   0.38182   0.15707   0.03699   0.07638   0.05421   0.04633   0.01791   0.04683   0.09164   0.30030   0.13675   0.51819   0.62872   2.29347   0.83326   0.80220   3.10012
 65  8.8024   7560.134907  x:  0.58052   0.06275   0.02296   0.03724   0.03600   0.58022   0.00000   0.00000   0.01080   0.28822   0.00478   0.02501   0.00000   0.03334   0.00838   0.02567   0.10250   0.02388   0.01427   0.10407   0.31586   0.26147   0.22240   0.15269   0.47211   0.06525   0.22303   0.15847   0.01915   0.03886   0.08442   0.01700   0.01290   0.40160   0.08582   0.23509   0.06723   0.06141   0.22170   0.37543   0.17459   0.03617   0.07657   0.05549   0.04618   0.01761   0.04655   0.09152   0.29396   0.12546   0.52959   0.65351   2.33934   0.82866   0.80554   3.24706
 66 48.8972   7559.844575  x:  0.58257   0.06216   0.02287   0.03704   0.03595   0.58227   0.00000   0.00000   0.01022   0.29850   0.00316   0.02501   0.00000   0.03323   0.00844   0.02463   0.09994   0.02368   0.01387   0.10572   0.31786   0.26161   0.22395   0.15102   0.47528   0.06512   0.21716   0.15928   0.01895   0.03918   0.08509   0.01674   0.01296   0.38830   0.08606   0.23627   0.06815   0.06089   0.22227   0.36613   0.17094   0.03609   0.07756   0.05488   0.04623   0.01757   0.04627   0.09071   0.30333   0.13557   0.51630   0.66675   2.35478   0.83138   0.81588   3.29428
 67 23.6951   7559.813240  x:  0.58224   0.06205   0.02285   0.03698   0.03589   0.58193   0.00000   0.00000   0.01027   0.29342   0.00299   0.02501   0.00000   0.03319   0.00845   0.02450   0.09952   0.02373   0.01402   0.10365   0.32127   0.26491   0.22268   0.15069   0.47634   0.06492   0.21827   0.15867   0.01893   0.03899   0.08489   0.01674   0.01309   0.38389   0.08590   0.23473   0.06800   0.06072   0.22150   0.36856   0.17089   0.03606   0.07734   0.05489   0.04614   0.01756   0.04618   0.09051   0.30327   0.13323   0.51080   0.66827   2.35638   0.83354   0.82024   3.29885
 68  5.7968   7559.812236  x:  0.58219   0.06204   0.02285   0.03698   0.03590   0.58189   0.00000   0.00000   0.01027   0.29328   0.00298   0.02501   0.00000   0.03319   0.00845   0.02450   0.09952   0.02373   0.01402   0.10366   0.32171   0.26489   0.22291   0.15061   0.47636   0.06493   0.21777   0.15872   0.01892   0.03899   0.08491   0.01672   0.01310   0.38367   0.08591   0.23549   0.06799   0.06071   0.22155   0.36885   0.17084   0.03613   0.07734   0.05489   0.04614   0.01756   0.04618   0.09052   0.30197   0.13362   0.51062   0.66838   2.35633   0.83360   0.82046   3.29902
 69  0.7602   7559.807446  x:  0.58212   0.06202   0.02286   0.03698   0.03592   0.58181   0.00000   0.00000   0.01023   0.29412   0.00296   0.02501   0.00000   0.03320   0.00844   0.02447   0.09957   0.02369   0.01412   0.10337   0.32256   0.26413   0.22303   0.15039   0.47631   0.06477   0.21917   0.15845   0.01886   0.03896   0.08488   0.01679   0.01321   0.38349   0.08588   0.23340   0.06793   0.06066   0.22172   0.36914   0.17090   0.03626   0.07724   0.05496   0.04614   0.01756   0.04621   0.09056   0.30020   0.13500   0.51053   0.66855   2.35512   0.83365   0.82066   3.30032
 70  0.2027   7559.639744  x:  0.58072   0.06213   0.02311   0.03738   0.03641   0.58041   0.00000   0.00000   0.00926   0.28949   0.00266   0.02490   0.00000   0.03352   0.00812   0.02363   0.10323   0.02295   0.01556   0.10234   0.32966   0.26060   0.22398   0.14889   0.47658   0.06538   0.21870   0.15819   0.01680   0.03925   0.08505   0.01723   0.01286   0.38315   0.08720   0.23533   0.06802   0.06093   0.22216   0.36548   0.17055   0.03573   0.07714   0.05519   0.04657   0.01836   0.04664   0.09177   0.30471   0.13685   0.50724   0.66554   2.31050   0.82965   0.82153   3.34703
 71  1.2208   7559.621657  x:  0.58048   0.06214   0.02314   0.03743   0.03647   0.58017   0.00000   0.00000   0.00911   0.29057   0.00264   0.02490   0.00000   0.03356   0.00808   0.02351   0.10360   0.02284   0.01565   0.10198   0.32629   0.26725   0.22428   0.14784   0.47650   0.06543   0.21913   0.15808   0.01655   0.03919   0.08510   0.01733   0.01282   0.38316   0.08734   0.23514   0.06802   0.06092   0.22241   0.36442   0.17082   0.03574   0.07715   0.05522   0.04662   0.01844   0.04670   0.09193   0.30330   0.13755   0.50688   0.66519   2.30553   0.82917   0.82163   3.35220
 72  5.1728   7559.602081  x:  0.57882   0.06224   0.02315   0.03744   0.03650   0.57850   0.00000   0.00000   0.00891   0.29094   0.00307   0.02508   0.00000   0.03353   0.00796   0.02430   0.10243   0.02296   0.01548   0.10207   0.32729   0.26757   0.22384   0.14840   0.47809   0.06564   0.21891   0.15824   0.01522   0.03946   0.08497   0.01755   0.01287   0.38351   0.08716   0.23510   0.06804   0.06116   0.22265   0.36421   0.17100   0.03588   0.07707   0.05514   0.04649   0.01816   0.04669   0.09175   0.30346   0.13810   0.50563   0.66290   2.30108   0.82962   0.82188   3.35109
 73  0.0041   7559.596076  x:  0.57876   0.06223   0.02313   0.03743   0.03646   0.57845   0.00000   0.00000   0.00894   0.29080   0.00263   0.02505   0.00000   0.03351   0.00799   0.02471   0.10225   0.02308   0.01542   0.10220   0.32697   0.26735   0.22366   0.14854   0.47816   0.06564   0.21880   0.15824   0.01492   0.03952   0.08490   0.01760   0.01289   0.38409   0.08704   0.23504   0.06800   0.06109   0.22260   0.36447   0.17104   0.03591   0.07702   0.05511   0.04645   0.01812   0.04665   0.09166   0.30321   0.13785   0.50658   0.66178   2.30281   0.82972   0.82323   3.36209
 74  0.0198   7559.593623  x:  0.57954   0.06215   0.02308   0.03739   0.03640   0.57922   0.00000   0.00000   0.00889   0.29079   0.00272   0.02490   0.00000   0.03350   0.00807   0.02485   0.10271   0.02289   0.01547   0.10226   0.32637   0.26722   0.22379   0.14831   0.47766   0.06547   0.21884   0.15813   0.01469   0.03945   0.08492   0.01761   0.01293   0.38346   0.08704   0.23502   0.06793   0.06086   0.22237   0.36456   0.17105   0.03583   0.07706   0.05514   0.04649   0.01824   0.04661   0.09165   0.30314   0.13764   0.50661   0.66301   2.30770   0.82992   0.82348   3.36361
 75  0.0044   7559.592426  x:  0.58004   0.06216   0.02312   0.03740   0.03645   0.57973   0.00000   0.00000   0.00885   0.29063   0.00271   0.02496   0.00000   0.03353   0.00830   0.02488   0.10262   0.02304   0.01554   0.10228   0.32621   0.26710   0.22391   0.14823   0.47728   0.06553   0.21886   0.15815   0.01469   0.03948   0.08492   0.01762   0.01290   0.38358   0.08710   0.23499   0.06790   0.06105   0.22245   0.36469   0.17099   0.03581   0.07703   0.05516   0.04649   0.01822   0.04664   0.09173   0.30319   0.13768   0.50677   0.66356   2.30649   0.82955   0.82485   3.36981
 76  0.0023   7559.592096  x:  0.57957   0.06218   0.02310   0.03740   0.03644   0.57925   0.00000   0.00000   0.00882   0.29080   0.00273   0.02495   0.00000   0.03350   0.00837   0.02482   0.10263   0.02292   0.01548   0.10227   0.32643   0.26721   0.22380   0.14836   0.47758   0.06553   0.21882   0.15818   0.01466   0.03948   0.08489   0.01761   0.01291   0.38361   0.08705   0.23500   0.06791   0.06096   0.22246   0.36461   0.17103   0.03583   0.07704   0.05514   0.04648   0.01821   0.04663   0.09168   0.30318   0.13770   0.50656   0.66306   2.30621   0.82966   0.82456   3.36921
 77  0.0008   7559.592072  x:  0.57947   0.06217   0.02310   0.03740   0.03643   0.57915   0.00000   0.00000   0.00882   0.29077   0.00272   0.02494   0.00000   0.03351   0.00838   0.02480   0.10264   0.02297   0.01548   0.10227   0.32639   0.26721   0.22379   0.14833   0.47759   0.06552   0.21883   0.15816   0.01466   0.03948   0.08490   0.01760   0.01291   0.38360   0.08705   0.23500   0.06792   0.06096   0.22244   0.36460   0.17104   0.03584   0.07704   0.05514   0.04649   0.01822   0.04663   0.09168   0.30317   0.13771   0.50654   0.66295   2.30642   0.82974   0.82420   3.36724
 78  0.0017   7559.592066  x:  0.57947   0.06216   0.02310   0.03740   0.03643   0.57916   0.00000   0.00000   0.00884   0.29075   0.00272   0.02495   0.00000   0.03351   0.00838   0.02480   0.10263   0.02295   0.01549   0.10227   0.32638   0.26720   0.22380   0.14832   0.47756   0.06552   0.21883   0.15815   0.01466   0.03948   0.08490   0.01761   0.01291   0.38359   0.08706   0.23500   0.06791   0.06097   0.22243   0.36459   0.17103   0.03583   0.07704   0.05514   0.04648   0.01821   0.04663   0.09168   0.30316   0.13771   0.50655   0.66293   2.30642   0.82975   0.82396   3.36570
 79  0.0008   7559.592066  x:  0.57948   0.06217   0.02310   0.03740   0.03643   0.57917   0.00000   0.00000   0.00884   0.29076   0.00272   0.02494   0.00000   0.03351   0.00838   0.02480   0.10264   0.02296   0.01549   0.10227   0.32639   0.26720   0.22380   0.14833   0.47757   0.06552   0.21883   0.15816   0.01465   0.03948   0.08490   0.01761   0.01291   0.38360   0.08705   0.23500   0.06792   0.06096   0.22244   0.36459   0.17104   0.03583   0.07704   0.05514   0.04648   0.01821   0.04663   0.09168   0.30317   0.13771   0.50655   0.66296   2.30637   0.82975   0.82393   3.36536
 80  0.0003   7559.592066  x:  0.57949   0.06217   0.02310   0.03740   0.03643   0.57917   0.00000   0.00000   0.00884   0.29077   0.00272   0.02494   0.00000   0.03351   0.00838   0.02480   0.10264   0.02296   0.01548   0.10227   0.32639   0.26720   0.22380   0.14833   0.47758   0.06552   0.21883   0.15816   0.01465   0.03948   0.08490   0.01761   0.01291   0.38360   0.08705   0.23500   0.06792   0.06097   0.22244   0.36460   0.17104   0.03583   0.07704   0.05514   0.04648   0.01821   0.04663   0.09168   0.30317   0.13771   0.50655   0.66297   2.30637   0.82975   0.82393   3.36535
 81  0.0000   7559.592066  x:  0.57949   0.06217   0.02310   0.03740   0.03643   0.57917   0.00000   0.00000   0.00884   0.29077   0.00272   0.02494   0.00000   0.03351   0.00838   0.02480   0.10264   0.02296   0.01548   0.10227   0.32639   0.26720   0.22380   0.14833   0.47758   0.06552   0.21883   0.15816   0.01465   0.03948   0.08490   0.01761   0.01291   0.38360   0.08705   0.23500   0.06792   0.06097   0.22244   0.36460   0.17104   0.03583   0.07704   0.05514   0.04648   0.01821   0.04663   0.09168   0.30317   0.13771   0.50655   0.66297   2.30637   0.82975   0.82393   3.36535
 82  0.0000   7559.592066  x:  0.57949   0.06217   0.02310   0.03740   0.03643   0.57917   0.00000   0.00000   0.00884   0.29077   0.00272   0.02494   0.00000   0.03351   0.00838   0.02480   0.10264   0.02296   0.01548   0.10227   0.32639   0.26720   0.22380   0.14833   0.47758   0.06552   0.21883   0.15816   0.01465   0.03948   0.08490   0.01761   0.01291   0.38360   0.08705   0.23500   0.06792   0.06097   0.22244   0.36460   0.17104   0.03583   0.07704   0.05514   0.04648   0.01821   0.04663   0.09168   0.30317   0.13771   0.50655   0.66297   2.30637   0.82975   0.82393   3.36535
