

TREE # 1

  0  0.0000   8406.326258  x:  0.08953   0.10682   0.01295   0.03812   0.01789   0.07183   0.08751   0.08547   0.10551   0.08180   0.01330   0.02963   0.02763   0.05467   0.04766   0.08827   0.03771   0.04804   0.03968   0.09314   0.01817   0.06156   0.08911   0.10161   0.09867   0.04773   0.02195   0.10641   0.10893   0.10466   0.03746   0.05475   0.10857   0.09925   0.05618   0.06262   0.01084   0.04411   0.07382   0.08522   0.09268   0.02673   0.10049   0.07955   0.05818   0.06441   0.04013   0.06993   0.09758   0.03321   0.03975   0.10254   2.00000   0.90000   0.69187   1.84543   1.05000
  1 99.0000   8016.206667  x:  0.12741   0.10119   0.01682   0.03602   0.02669   0.10971   0.09082   0.07370   0.09779   0.10023   0.00000   0.02503   0.01245   0.04638   0.03433   0.07569   0.05307   0.04005   0.03835   0.09805   0.15008   0.09281   0.10259   0.10502   0.12810   0.04960   0.09352   0.11193   0.09834   0.09868   0.04934   0.05074   0.09948   0.12383   0.06182   0.08390   0.04036   0.05022   0.09077   0.11207   0.09573   0.03144   0.09443   0.07559   0.05255   0.05418   0.03619   0.06987   0.11334   0.06483   0.12890   0.14231   2.00066   0.91491   0.68221   1.84890   1.05656
  2 3934.8268   7948.065545  x:  0.14384   0.09667   0.01681   0.03518   0.02686   0.12614   0.09170   0.06356   0.09071   0.11081   0.00000   0.02306   0.00000   0.04136   0.02394   0.06611   0.05869   0.03478   0.03621   0.09744   0.13351   0.09989   0.11017   0.10748   0.14407   0.04904   0.09016   0.11335   0.08961   0.09384   0.05263   0.04520   0.09207   0.13802   0.06440   0.09412   0.03844   0.05187   0.09991   0.12537   0.09836   0.03340   0.09019   0.07288   0.04940   0.04675   0.03498   0.07011   0.12379   0.07159   0.13523   0.15913   2.00129   0.92274   0.67598   1.85111   1.06142
  3 1405.1244   7897.212699  x:  0.14308   0.08029   0.02102   0.03524   0.01870   0.12538   0.07899   0.01429   0.05946   0.11225   0.00000   0.03248   0.00000   0.04085   0.00097   0.03531   0.04097   0.03426   0.02006   0.09512   0.12709   0.10756   0.11407   0.10835   0.14756   0.05158   0.10387   0.11698   0.04953   0.07049   0.04323   0.01927   0.05604   0.13901   0.05415   0.09214   0.04101   0.04332   0.09811   0.12507   0.10436   0.02068   0.07783   0.06131   0.04558   0.02713   0.04273   0.07088   0.13090   0.05796   0.13499   0.16789   2.00418   0.92724   0.64997   1.85962   1.08591
  4 664.3082   7884.034773  x:  0.14313   0.07564   0.02195   0.03515   0.01672   0.12543   0.07542   0.00000   0.05044   0.11279   0.00000   0.03482   0.00000   0.04059   0.00329   0.02662   0.03663   0.03399   0.01564   0.09444   0.12513   0.10971   0.11518   0.10857   0.14873   0.05229   0.10752   0.11792   0.03794   0.06380   0.04080   0.01200   0.04565   0.13945   0.05139   0.09184   0.04175   0.04104   0.09773   0.12518   0.10609   0.01749   0.07431   0.05797   0.04446   0.02159   0.04477   0.07107   0.13300   0.05437   0.13500   0.17054   2.00502   0.92874   0.64230   1.86211   1.09305
  5 7034.0004   7865.839611  x:  0.14036   0.06577   0.01472   0.03146   0.02606   0.12266   0.06606   0.00000   0.02497   0.11191   0.00000   0.03090   0.00000   0.03894   0.00266   0.01683   0.05107   0.03283   0.01441   0.09197   0.12413   0.10868   0.11240   0.10627   0.14676   0.05464   0.11060   0.11582   0.00466   0.04668   0.04195   0.00381   0.01657   0.13607   0.04827   0.09291   0.04614   0.03994   0.09460   0.12316   0.11014   0.02653   0.06749   0.04827   0.04258   0.01543   0.04584   0.07050   0.13422   0.05005   0.13133   0.17150   2.00769   0.93565   0.61336   1.87110   1.11792
  6 940.2314   7857.918276  x:  0.13978   0.05726   0.01674   0.03079   0.02596   0.12208   0.05973   0.00000   0.00829   0.11233   0.00000   0.02708   0.00000   0.03686   0.00262   0.01998   0.04932   0.03058   0.01698   0.09026   0.12306   0.10771   0.11008   0.10420   0.14614   0.05605   0.11154   0.11328   0.00937   0.03708   0.04388   0.00917   0.00249   0.13465   0.04806   0.09488   0.04925   0.04013   0.09268   0.12323   0.11251   0.02263   0.06293   0.04077   0.04130   0.01447   0.04601   0.06958   0.13492   0.04972   0.12979   0.17306   2.01009   0.94152   0.58551   1.87949   1.14111
  7 503.4769   7852.831635  x:  0.13943   0.05065   0.01728   0.03017   0.02566   0.12173   0.05437   0.00000   0.00000   0.11326   0.00000   0.02465   0.00000   0.03523   0.00259   0.02072   0.04758   0.02883   0.01802   0.08893   0.12250   0.10706   0.10814   0.10255   0.14537   0.05727   0.11216   0.11127   0.00750   0.03013   0.04486   0.01168   0.00711   0.13368   0.04837   0.09639   0.05088   0.04011   0.09108   0.12318   0.11418   0.01928   0.05976   0.03512   0.04027   0.01388   0.04600   0.06874   0.13557   0.04936   0.12869   0.17422   2.01214   0.94584   0.56159   1.88659   1.16090
  8 1077.7258   7852.831635  x:  0.13943   0.05065   0.01728   0.03017   0.02566   0.12173   0.05437   0.00000   0.00000   0.11326   0.00000   0.02465   0.00000   0.03523   0.00259   0.02072   0.04758   0.02883   0.01802   0.08893   0.12250   0.10706   0.10814   0.10255   0.14537   0.05727   0.11216   0.11127   0.00750   0.03013   0.04486   0.01168   0.00711   0.13368   0.04837   0.09639   0.05088   0.04011   0.09108   0.12318   0.11418   0.01928   0.05976   0.03512   0.04027   0.01388   0.04600   0.06874   0.13557   0.04936   0.12869   0.17422   2.01214   0.94584   0.56159   1.88659   1.16090
  9 3567.7314   7767.821269  x:  0.20755   0.04821   0.01348   0.02671   0.03393   0.18985   0.06656   0.00000   0.16263   0.15712   0.10844   0.01105   0.00000   0.01609   0.08565   0.01267   0.07921   0.00793   0.02578   0.09152   0.16125   0.13773   0.13050   0.10843   0.20172   0.05712   0.12998   0.11198   0.01939   0.04665   0.06602   0.01383   0.03294   0.18506   0.06811   0.13678   0.05359   0.05385   0.12676   0.17486   0.11529   0.03474   0.05820   0.03815   0.03134   0.00838   0.03115   0.06698   0.16601   0.10283   0.19884   0.23468   2.01421   0.97024   0.52838   1.89609   1.18263
 10 1602.4413   7683.456813  x:  0.27454   0.04703   0.03366   0.03653   0.03541   0.25684   0.06651   0.00000   0.16783   0.18990   0.08489   0.03857   0.00000   0.05725   0.04828   0.03346   0.09128   0.01193   0.01899   0.08965   0.20302   0.17063   0.15753   0.11703   0.26275   0.04982   0.15377   0.11668   0.00256   0.04176   0.07384   0.00000   0.01409   0.23635   0.07580   0.16975   0.05583   0.05723   0.15886   0.22521   0.12146   0.04030   0.05867   0.04876   0.04004   0.04579   0.04188   0.07342   0.19752   0.13604   0.26638   0.30012   2.01801   0.91274   0.50277   1.90360   1.21165
 11 908.6188   7635.525773  x:  0.32600   0.04863   0.02911   0.03684   0.03649   0.30829   0.06314   0.00000   0.15304   0.21334   0.04666   0.03656   0.00000   0.06040   0.00235   0.02871   0.09643   0.01442   0.01514   0.08909   0.23479   0.19586   0.17820   0.12450   0.31042   0.04778   0.17273   0.12325   0.06519   0.04102   0.07979   0.00973   0.00599   0.27529   0.08099   0.19399   0.06306   0.05952   0.18158   0.26316   0.12855   0.04098   0.06193   0.05698   0.04422   0.04555   0.04207   0.07708   0.22245   0.15777   0.31719   0.35187   2.02208   0.89790   0.48738   1.90895   1.23439
 12 1692.6336   7606.626610  x:  0.35807   0.05125   0.02056   0.03518   0.03671   0.34037   0.05584   0.00000   0.12110   0.22645   0.00000   0.02790   0.00000   0.05256   0.02987   0.02204   0.09649   0.01857   0.01140   0.08840   0.25425   0.21131   0.19082   0.12954   0.34059   0.04796   0.18487   0.12933   0.07987   0.03714   0.08170   0.01187   0.00770   0.29901   0.08310   0.20718   0.06756   0.05946   0.19378   0.28564   0.13430   0.03852   0.06492   0.06111   0.04607   0.03458   0.04068   0.07927   0.23825   0.16692   0.34789   0.38541   2.02579   0.89491   0.48277   1.91164   1.25026
 13 1196.0817   7585.887648  x:  0.38734   0.05477   0.01462   0.03199   0.03746   0.36964   0.04219   0.00000   0.09025   0.23775   0.00000   0.01128   0.00000   0.02321   0.01939   0.01720   0.09674   0.03100   0.01129   0.08848   0.27036   0.22333   0.19988   0.13328   0.36662   0.05196   0.19390   0.13638   0.05548   0.03322   0.08332   0.00701   0.02097   0.31876   0.08474   0.21659   0.06944   0.05866   0.20196   0.30366   0.14005   0.03548   0.06698   0.05944   0.04220   0.00608   0.03544   0.07966   0.25198   0.17215   0.37436   0.41657   2.03095   0.91272   0.48681   1.91323   1.26712
 14 766.5731   7581.145235  x:  0.39657   0.05594   0.01475   0.03029   0.03724   0.37887   0.03416   0.00000   0.07667   0.24034   0.00000   0.01648   0.00000   0.01148   0.01730   0.01578   0.09616   0.02845   0.01296   0.08880   0.27439   0.22601   0.20135   0.13386   0.37422   0.05463   0.19572   0.13892   0.04971   0.03351   0.08358   0.00928   0.02514   0.32370   0.08406   0.21787   0.07013   0.05772   0.20274   0.30798   0.14219   0.03427   0.06730   0.05573   0.03959   0.01397   0.03572   0.07995   0.25573   0.17177   0.38180   0.42684   2.03366   0.92925   0.49268   1.91324   1.27420
 15 506.0074   7575.672368  x:  0.40860   0.05709   0.01608   0.02817   0.03631   0.39090   0.01982   0.00000   0.05717   0.24282   0.00000   0.01910   0.00000   0.02133   0.01486   0.01604   0.09484   0.02039   0.01614   0.08929   0.27839   0.22822   0.20162   0.13379   0.38324   0.05903   0.19670   0.14208   0.04304   0.03504   0.08342   0.01422   0.03002   0.32862   0.08193   0.21771   0.07039   0.05582   0.20190   0.31207   0.14499   0.03254   0.06755   0.04894   0.03514   0.01402   0.03512   0.07946   0.25979   0.16940   0.39050   0.44058   2.03832   0.95680   0.50552   1.91263   1.28564
 16 617.1644   7569.587864  x:  0.41847   0.05559   0.01705   0.02968   0.03331   0.40077   0.00000   0.00000   0.04019   0.24280   0.00000   0.01708   0.00000   0.01901   0.01453   0.02008   0.09271   0.01284   0.01780   0.08879   0.27851   0.22691   0.19787   0.13128   0.38807   0.06194   0.19381   0.14241   0.04220   0.03734   0.08105   0.01895   0.02651   0.32885   0.07693   0.21322   0.06756   0.05271   0.19724   0.31182   0.14617   0.03199   0.06680   0.04170   0.03395   0.01202   0.03593   0.07778   0.26058   0.16384   0.39541   0.45232   2.04461   0.95654   0.52850   1.91026   1.30105
 17 262.9231   7564.216308  x:  0.43723   0.05333   0.01705   0.03131   0.02879   0.41953   0.00000   0.00000   0.00804   0.24267   0.01515   0.01678   0.00000   0.01797   0.01469   0.02096   0.08885   0.01503   0.02021   0.08781   0.27794   0.22374   0.19002   0.12639   0.39641   0.06758   0.18775   0.14272   0.04158   0.04139   0.07631   0.02773   0.01972   0.32834   0.06788   0.20388   0.06205   0.04746   0.18779   0.31037   0.14832   0.03129   0.06603   0.03018   0.03306   0.01057   0.03769   0.07517   0.26157   0.15251   0.40402   0.47486   2.05739   0.95724   0.57388   1.90562   1.33220
 18 1528.5181   7562.112475  x:  0.44194   0.05446   0.01543   0.03012   0.03030   0.42424   0.00000   0.00000   0.00000   0.24278   0.00950   0.01795   0.00000   0.01950   0.01440   0.01501   0.08804   0.01972   0.01997   0.08812   0.27699   0.22267   0.18775   0.12562   0.39778   0.06895   0.18603   0.14268   0.04110   0.04122   0.07497   0.02846   0.01898   0.32728   0.06748   0.20083   0.06119   0.04791   0.18515   0.30895   0.14883   0.03143   0.06756   0.03434   0.03538   0.01181   0.03821   0.07595   0.26143   0.14810   0.40533   0.48111   2.06191   0.95751   0.58721   1.90440   1.34308
 19 351.3760   7559.958571  x:  0.45084   0.05780   0.01501   0.02876   0.03159   0.43314   0.00000   0.00000   0.00465   0.24183   0.00190   0.02059   0.00000   0.02046   0.01533   0.01747   0.08246   0.03038   0.01879   0.08906   0.27637   0.22186   0.18532   0.12594   0.40204   0.07270   0.18509   0.14503   0.04251   0.03880   0.07094   0.03015   0.01666   0.32587   0.06607   0.19451   0.06175   0.04740   0.18003   0.30640   0.15122   0.02820   0.07110   0.03916   0.03879   0.01210   0.04015   0.07854   0.26222   0.13582   0.40742   0.49477   2.07130   0.96084   0.61273   1.90220   1.36545
 20 230.9529   7557.981919  x:  0.46020   0.06252   0.01953   0.02925   0.03548   0.44250   0.00000   0.00000   0.00706   0.24153   0.00736   0.01711   0.00000   0.02046   0.01448   0.01322   0.08054   0.02400   0.01630   0.09193   0.27467   0.22144   0.18389   0.12877   0.40532   0.07449   0.18504   0.14749   0.04263   0.03439   0.06928   0.02830   0.01995   0.32317   0.07157   0.18852   0.06487   0.05225   0.17635   0.30221   0.15440   0.02822   0.07556   0.04970   0.04052   0.01420   0.03908   0.08291   0.26299   0.11955   0.40795   0.51126   2.08498   0.96065   0.64208   1.90035   1.39815
 21 250.4795   7556.940474  x:  0.46352   0.06354   0.01366   0.02933   0.03674   0.44581   0.00000   0.00000   0.00652   0.24214   0.00926   0.02020   0.00000   0.02062   0.01419   0.01820   0.08388   0.02236   0.01557   0.09450   0.27294   0.22149   0.18421   0.13166   0.40520   0.07329   0.18579   0.14808   0.04381   0.03346   0.07148   0.02531   0.02362   0.32089   0.07735   0.18729   0.06708   0.05656   0.17663   0.29934   0.15606   0.03068   0.07638   0.05379   0.03930   0.01384   0.03673   0.08448   0.26302   0.11162   0.40660   0.51926   2.09387   0.96043   0.65531   1.90022   1.41925
 22 246.9957   7555.209018  x:  0.46627   0.06042   0.01941   0.03229   0.03391   0.44857   0.00000   0.00000   0.00680   0.24469   0.00597   0.02329   0.00000   0.02090   0.01539   0.01620   0.09478   0.02711   0.01727   0.10048   0.26919   0.22256   0.18742   0.13877   0.40224   0.06778   0.18930   0.14827   0.04807   0.03674   0.07999   0.01811   0.02757   0.31597   0.08693   0.18976   0.07008   0.06165   0.18144   0.29400   0.15883   0.03509   0.07239   0.04870   0.03357   0.01285   0.03478   0.08388   0.26270   0.10072   0.40183   0.53268   2.11339   0.96063   0.67409   1.90183   1.46515
 23 206.8175   7554.167125  x:  0.46659   0.05844   0.01474   0.02989   0.03283   0.44888   0.00000   0.00000   0.00791   0.24698   0.00533   0.01758   0.00000   0.02190   0.01490   0.01399   0.09912   0.02764   0.01806   0.10351   0.26701   0.22341   0.18994   0.14239   0.39934   0.06491   0.19194   0.14827   0.04789   0.03895   0.08404   0.01474   0.02667   0.31307   0.08914   0.19339   0.07033   0.06137   0.18534   0.29125   0.15948   0.03473   0.06946   0.04402   0.03583   0.01666   0.03853   0.08295   0.26234   0.09808   0.39865   0.54025   2.12713   0.96189   0.68297   1.90381   1.49710
 24 235.9608   7552.381544  x:  0.46352   0.05829   0.01839   0.02447   0.03746   0.44582   0.00000   0.00000   0.00639   0.25247   0.00719   0.01914   0.00000   0.01951   0.01542   0.01692   0.10174   0.02573   0.01730   0.10727   0.26279   0.22481   0.19470   0.14666   0.39094   0.06196   0.19680   0.14779   0.04860   0.04120   0.08790   0.01397   0.02154   0.30781   0.08797   0.20366   0.06933   0.05737   0.19350   0.28710   0.15794   0.03023   0.06784   0.04560   0.04630   0.01283   0.04312   0.08135   0.26115   0.10243   0.39180   0.55146   2.15627   0.96720   0.69221   1.90986   1.56391
 25 236.9156   7550.422233  x:  0.45849   0.05888   0.01359   0.03328   0.04014   0.44079   0.00000   0.00000   0.00742   0.25789   0.00773   0.02362   0.00000   0.01892   0.01486   0.01202   0.09679   0.02317   0.01727   0.10902   0.25951   0.22630   0.19886   0.14795   0.38189   0.06443   0.20143   0.14879   0.04670   0.04033   0.08674   0.01922   0.01949   0.30398   0.08197   0.21468   0.06860   0.05143   0.20014   0.28459   0.15550   0.02611   0.06936   0.04572   0.04400   0.01048   0.03942   0.08008   0.26084   0.11196   0.38499   0.56219   2.19122   0.96855   0.69849   1.91804   1.64282
 26 345.3856   7548.594127  x:  0.45208   0.06005   0.01539   0.03371   0.04173   0.43438   0.00000   0.00000   0.00594   0.26229   0.00680   0.01726   0.00000   0.01932   0.01505   0.01632   0.08987   0.02648   0.01771   0.10922   0.25712   0.22745   0.20148   0.14698   0.37327   0.06892   0.20452   0.15010   0.04727   0.03735   0.08326   0.02494   0.02346   0.30183   0.07699   0.22364   0.06871   0.04913   0.20452   0.28365   0.15333   0.02735   0.07286   0.04783   0.03562   0.01562   0.03311   0.08007   0.26113   0.12288   0.37863   0.56974   2.22573   0.96911   0.70041   1.92691   1.71968
 27 538.6092   7547.553252  x:  0.44845   0.05938   0.01530   0.02469   0.03778   0.43075   0.00000   0.00000   0.00648   0.26262   0.00673   0.02018   0.00000   0.01944   0.01479   0.01413   0.08558   0.02534   0.01912   0.10723   0.25775   0.22785   0.20082   0.14360   0.37092   0.07234   0.20408   0.15113   0.04749   0.03495   0.07893   0.02629   0.02763   0.30344   0.07473   0.22441   0.06858   0.05110   0.20325   0.28569   0.15325   0.03143   0.07433   0.04568   0.03158   0.01407   0.03462   0.08018   0.26226   0.12824   0.37673   0.57181   2.24598   0.96697   0.69937   1.93250   1.76372
 28 267.9081   7546.218771  x:  0.44277   0.05843   0.01574   0.02962   0.02944   0.42507   0.00000   0.00000   0.00597   0.25969   0.00645   0.02012   0.00000   0.01888   0.01496   0.01475   0.08370   0.02547   0.02067   0.10144   0.26140   0.22792   0.19655   0.13538   0.37113   0.07532   0.19967   0.15151   0.04984   0.03278   0.07245   0.02293   0.03385   0.30969   0.07544   0.21824   0.06782   0.05809   0.19613   0.29228   0.15425   0.03710   0.07504   0.04368   0.03786   0.01312   0.04072   0.08209   0.26444   0.13398   0.37633   0.56951   2.27569   0.97010   0.69239   1.94171   1.82659
 29 226.0037   7544.716555  x:  0.43740   0.06434   0.01531   0.02774   0.03417   0.41970   0.00000   0.00000   0.00586   0.25174   0.00612   0.02002   0.00000   0.01880   0.01502   0.01418   0.08837   0.02509   0.02154   0.09307   0.26887   0.22777   0.18902   0.12571   0.37739   0.07384   0.19108   0.15017   0.05193   0.03879   0.07205   0.01735   0.03551   0.32025   0.07771   0.20270   0.06599   0.05791   0.18257   0.30290   0.15539   0.02797   0.07114   0.03950   0.03805   0.01400   0.03439   0.08280   0.26648   0.13517   0.37965   0.56067   2.31068   0.97060   0.68070   1.95302   1.89797
 30 186.0017   7544.232574  x:  0.43659   0.06228   0.01480   0.02777   0.03367   0.41889   0.00000   0.00000   0.00592   0.24732   0.00652   0.01908   0.00000   0.01804   0.01511   0.01425   0.08941   0.02490   0.02130   0.09157   0.27195   0.22777   0.18688   0.12630   0.38236   0.07114   0.18816   0.14851   0.05123   0.03997   0.07560   0.01906   0.03172   0.32349   0.07724   0.19630   0.06743   0.05379   0.17869   0.30579   0.15507   0.02884   0.07045   0.04507   0.03270   0.01345   0.03810   0.08024   0.26656   0.13212   0.38275   0.55382   2.32306   0.97244   0.67535   1.95708   1.92152
 31 102.3231   7543.903288  x:  0.43713   0.05867   0.01475   0.02683   0.03253   0.41942   0.00000   0.00000   0.00620   0.24316   0.00640   0.01891   0.00000   0.01787   0.01493   0.01386   0.08759   0.02496   0.02120   0.09247   0.27394   0.22770   0.18637   0.13079   0.38838   0.06980   0.18727   0.14731   0.05009   0.03701   0.07823   0.02328   0.03066   0.32469   0.07617   0.19279   0.07001   0.05143   0.17833   0.30604   0.15407   0.03118   0.06983   0.04489   0.03615   0.01376   0.03349   0.07819   0.26564   0.12659   0.38681   0.54493   2.33238   0.97279   0.67047   1.96010   1.93690
 32 65.3242   7543.626214  x:  0.43864   0.05880   0.01489   0.02750   0.03570   0.42094   0.00000   0.00000   0.00598   0.23993   0.00617   0.01912   0.00000   0.01791   0.01493   0.01418   0.08535   0.02525   0.02029   0.09430   0.27458   0.22725   0.18660   0.13603   0.39493   0.07033   0.18807   0.14683   0.05083   0.03275   0.07776   0.02437   0.03261   0.32420   0.07503   0.19217   0.07018   0.05290   0.18074   0.30420   0.15254   0.02862   0.06996   0.04167   0.03545   0.01338   0.03667   0.07746   0.26360   0.12009   0.39182   0.53367   2.34103   0.97210   0.66558   1.96274   1.94863
 33 53.6697   7543.402890  x:  0.44164   0.05923   0.01475   0.02720   0.03355   0.42394   0.00000   0.00000   0.00587   0.23914   0.00642   0.01912   0.00000   0.01771   0.01499   0.01410   0.08501   0.02477   0.01907   0.09511   0.27363   0.22642   0.18680   0.13738   0.40116   0.07182   0.19016   0.14725   0.05202   0.03527   0.07447   0.02018   0.03105   0.32235   0.07254   0.19449   0.06586   0.05264   0.18369   0.30124   0.15249   0.02917   0.07135   0.04223   0.03447   0.01341   0.03529   0.08047   0.26167   0.11564   0.39766   0.52282   2.34874   0.97290   0.66333   1.96437   1.95643
 34 35.6525   7543.175982  x:  0.44638   0.06189   0.01486   0.02741   0.03196   0.42868   0.00000   0.00000   0.00582   0.24102   0.00651   0.01906   0.00000   0.01785   0.01494   0.01426   0.08618   0.02507   0.02098   0.09457   0.27107   0.22522   0.18642   0.13314   0.40698   0.07297   0.19199   0.14846   0.05176   0.04041   0.07385   0.02378   0.03326   0.31929   0.07518   0.19875   0.06646   0.05183   0.18451   0.29744   0.15337   0.02934   0.07074   0.04374   0.03571   0.01339   0.03632   0.07984   0.26037   0.11577   0.40467   0.51215   2.35759   0.97125   0.66408   1.96521   1.96177
 35 26.5033   7542.858665  x:  0.45318   0.06233   0.01475   0.02731   0.03350   0.43547   0.00000   0.00000   0.00621   0.24523   0.00618   0.01887   0.00000   0.01766   0.01505   0.01400   0.08758   0.02512   0.01749   0.09257   0.26786   0.22438   0.18676   0.12675   0.41184   0.07046   0.19245   0.14822   0.05286   0.03576   0.07450   0.02255   0.02921   0.31584   0.07747   0.20185   0.06893   0.05414   0.18335   0.29381   0.15372   0.03146   0.06847   0.04302   0.03493   0.01356   0.03543   0.07722   0.26006   0.12282   0.41322   0.50081   2.36982   0.97237   0.66833   1.96520   1.96599
 36 31.0646   7542.474291  x:  0.46000   0.05731   0.01493   0.02727   0.03220   0.44230   0.00000   0.00000   0.00614   0.24961   0.00649   0.01917   0.00000   0.01785   0.01517   0.01429   0.08648   0.02493   0.02293   0.09473   0.26672   0.22588   0.18909   0.12672   0.41350   0.06776   0.19115   0.14734   0.05543   0.03208   0.07912   0.01833   0.03005   0.31475   0.07769   0.20113   0.06934   0.05437   0.18084   0.29360   0.15316   0.02694   0.07090   0.04478   0.03487   0.01394   0.03512   0.07960   0.26148   0.13263   0.41946   0.49283   2.38446   0.97149   0.67387   1.96472   1.96806
 37 31.3864   7541.763290  x:  0.47034   0.05723   0.01511   0.02881   0.03895   0.45264   0.00000   0.00000   0.00623   0.25395   0.00641   0.01967   0.00000   0.01822   0.01532   0.01443   0.08479   0.02494   0.02018   0.09865   0.26883   0.23067   0.19405   0.13520   0.41192   0.06786   0.18907   0.14636   0.05906   0.03759   0.08498   0.01528   0.03233   0.31765   0.07468   0.19674   0.06875   0.05283   0.17858   0.29909   0.15299   0.03472   0.07425   0.04304   0.03686   0.01384   0.03748   0.08357   0.26657   0.14634   0.42525   0.48595   2.41126   0.96869   0.68254   1.96368   1.96921
 38 46.1275   7540.589119  x:  0.48155   0.05722   0.01548   0.02862   0.03219   0.46385   0.00000   0.00000   0.00638   0.25530   0.00630   0.01939   0.00000   0.01840   0.01524   0.01479   0.09237   0.02517   0.01031   0.10164   0.27694   0.23775   0.19841   0.14716   0.40669   0.07202   0.18973   0.14669   0.06187   0.04088   0.07959   0.01950   0.02691   0.32748   0.07745   0.19415   0.07004   0.05925   0.18462   0.31165   0.15003   0.02970   0.07133   0.04707   0.03691   0.01453   0.03702   0.08255   0.27288   0.15585   0.42704   0.48563   2.44990   0.96552   0.69117   1.96212   1.96893
 39 56.4602   7539.549777  x:  0.48977   0.06340   0.01525   0.02942   0.03327   0.47207   0.00000   0.00000   0.00637   0.25463   0.00665   0.01870   0.00000   0.01802   0.01576   0.01511   0.09665   0.02524   0.02130   0.10282   0.28591   0.24322   0.19950   0.15214   0.40401   0.07263   0.19284   0.14755   0.06546   0.03742   0.07194   0.01924   0.01500   0.33811   0.08166   0.19624   0.07005   0.06104   0.19294   0.32311   0.14929   0.03355   0.06803   0.04977   0.03707   0.01460   0.03625   0.07953   0.27763   0.15655   0.42636   0.49151   2.48345   0.96327   0.69535   1.96083   1.96862
 40 102.4361   7537.791617  x:  0.49762   0.06262   0.01579   0.03059   0.03184   0.47992   0.00000   0.00000   0.00730   0.25255   0.00640   0.01962   0.00000   0.01854   0.01568   0.01565   0.09021   0.02487   0.01593   0.09153   0.29926   0.24688   0.19450   0.14072   0.40587   0.06150   0.20218   0.14922   0.07387   0.02923   0.07795   0.01361   0.01187   0.35505   0.08901   0.21278   0.06870   0.04856   0.20517   0.33705   0.15405   0.03434   0.07234   0.05029   0.03823   0.01537   0.03720   0.08024   0.28066   0.14186   0.42247   0.51552   2.53030   0.95885   0.69263   1.95891   1.96861
 41 67.2169   7537.143313  x:  0.49885   0.05754   0.01564   0.03102   0.03540   0.48115   0.00000   0.00000   0.00750   0.25421   0.00646   0.01912   0.00000   0.01826   0.01570   0.01578   0.08982   0.02484   0.01645   0.08821   0.30194   0.24725   0.19453   0.13424   0.41202   0.05884   0.20502   0.14857   0.07509   0.03149   0.08364   0.01555   0.00739   0.35808   0.08010   0.21833   0.07080   0.05853   0.20518   0.33780   0.15654   0.03414   0.07283   0.05170   0.03837   0.01518   0.03700   0.08357   0.27917   0.13437   0.42341   0.53133   2.54243   0.95713   0.68668   1.95806   1.97088
 42 54.5697   7536.495652  x:  0.49772   0.05249   0.01583   0.03168   0.03803   0.48002   0.00000   0.00000   0.00772   0.25962   0.00656   0.01934   0.00000   0.01857   0.01565   0.01607   0.09781   0.02437   0.01526   0.08967   0.30032   0.24708   0.19943   0.13231   0.42545   0.06215   0.20435   0.14574   0.07884   0.02809   0.07946   0.01387   0.01097   0.35474   0.07295   0.21816   0.06831   0.05473   0.19738   0.33136   0.15588   0.03554   0.06696   0.05519   0.03951   0.01582   0.03717   0.07961   0.27458   0.13004   0.43017   0.55569   2.54420   0.95486   0.67539   1.95594   1.97734
 43 38.5349   7535.961955  x:  0.49497   0.05588   0.01581   0.03160   0.03484   0.47727   0.00000   0.00000   0.00722   0.26340   0.00644   0.01906   0.00000   0.01814   0.01568   0.01621   0.09305   0.02418   0.01343   0.09291   0.29606   0.24644   0.20403   0.13513   0.43844   0.06072   0.20135   0.14188   0.08028   0.03013   0.07718   0.01379   0.00526   0.34812   0.08136   0.21325   0.06812   0.05475   0.19283   0.32364   0.15332   0.03577   0.06883   0.05320   0.03886   0.01542   0.03724   0.08098   0.27036   0.13131   0.43955   0.57759   2.53626   0.95424   0.66329   1.95261   1.98677
 44 44.3177   7535.636128  x:  0.49387   0.05991   0.01582   0.03179   0.03256   0.47617   0.00000   0.00000   0.00752   0.25770   0.00644   0.01925   0.00000   0.01830   0.01557   0.01618   0.09222   0.02410   0.01377   0.09088   0.29288   0.24521   0.19993   0.13628   0.44407   0.05404   0.19948   0.14253   0.08193   0.03113   0.07761   0.01266   0.00830   0.34500   0.07742   0.20812   0.06719   0.05611   0.20266   0.32270   0.14891   0.03612   0.06823   0.05478   0.03933   0.01591   0.03690   0.07782   0.27170   0.13615   0.44974   0.58626   2.51453   0.95390   0.66232   1.94465   2.00058
 45 21.7993   7535.190479  x:  0.49259   0.05628   0.01592   0.03188   0.03513   0.47489   0.00000   0.00000   0.00748   0.24954   0.00632   0.01908   0.00000   0.01821   0.01575   0.01621   0.09631   0.02421   0.01397   0.08928   0.29057   0.24394   0.19374   0.13580   0.44775   0.06295   0.20050   0.14623   0.08391   0.02936   0.08233   0.01193   0.00627   0.34310   0.07974   0.20572   0.06877   0.05427   0.21225   0.32493   0.14681   0.03688   0.06854   0.05478   0.03968   0.01572   0.03767   0.08280   0.27527   0.14134   0.46282   0.59140   2.47324   0.95313   0.66233   1.93001   2.02522
 46 47.2494   7534.202424  x:  0.49302   0.04799   0.01588   0.03231   0.04089   0.47532   0.00000   0.00000   0.00774   0.24710   0.00619   0.01928   0.00000   0.01816   0.01568   0.01633   0.09474   0.02467   0.01288   0.09594   0.29672   0.24697   0.19567   0.13678   0.44751   0.05782   0.20683   0.13996   0.08734   0.03204   0.07478   0.01287   0.00574   0.35099   0.08392   0.21791   0.06740   0.05572   0.20664   0.33690   0.15375   0.03661   0.06883   0.05618   0.03987   0.01618   0.03762   0.08114   0.28206   0.14233   0.48185   0.58634   2.36582   0.95286   0.66682   1.89042   2.08775
 47 56.5090   7533.753241  x:  0.49506   0.05847   0.01606   0.03239   0.03478   0.47736   0.00000   0.00000   0.00774   0.25439   0.00624   0.01944   0.00000   0.01820   0.01566   0.01652   0.09637   0.02462   0.01258   0.09556   0.30081   0.24941   0.20174   0.13779   0.44644   0.05943   0.20832   0.14136   0.08942   0.02815   0.08157   0.01198   0.00446   0.35660   0.07949   0.22139   0.06899   0.05550   0.20177   0.34089   0.15508   0.03657   0.06880   0.05646   0.04043   0.01635   0.03783   0.08100   0.28222   0.13990   0.48453   0.58085   2.31394   0.95210   0.66681   1.86998   2.11811
 48 82.8486   7533.558593  x:  0.50045   0.05566   0.01607   0.03243   0.03629   0.48275   0.00000   0.00000   0.00759   0.26424   0.00616   0.01948   0.00000   0.01811   0.01562   0.01659   0.09571   0.02457   0.01319   0.08922   0.30346   0.25149   0.20600   0.13650   0.44746   0.05796   0.20573   0.14589   0.08998   0.02895   0.07961   0.01322   0.00447   0.36036   0.08047   0.21612   0.06904   0.05463   0.20569   0.33943   0.15085   0.03717   0.06818   0.05617   0.04034   0.01620   0.03805   0.08263   0.27859   0.13821   0.47725   0.57751   2.29215   0.95222   0.66405   1.85750   2.13203
 49 25.9754   7533.480547  x:  0.50548   0.05518   0.01607   0.03243   0.03635   0.48778   0.00000   0.00000   0.00749   0.26449   0.00617   0.01946   0.00000   0.01809   0.01561   0.01661   0.09509   0.02441   0.01282   0.09133   0.30508   0.25264   0.20387   0.13476   0.44950   0.06023   0.20488   0.14427   0.09029   0.02971   0.08026   0.01224   0.00431   0.36104   0.08057   0.21437   0.06850   0.05517   0.20748   0.33701   0.15184   0.03694   0.07064   0.05601   0.04062   0.01641   0.03777   0.07869   0.27711   0.13978   0.46966   0.57704   2.28541   0.95222   0.66025   1.84879   2.13769
 50 13.4157   7533.395178  x:  0.51179   0.05625   0.01610   0.03236   0.03571   0.49409   0.00000   0.00000   0.00752   0.26169   0.00603   0.01937   0.00000   0.01801   0.01555   0.01660   0.09579   0.02436   0.01240   0.09375   0.30592   0.25327   0.20068   0.13424   0.45238   0.05917   0.20429   0.14148   0.09020   0.02871   0.07972   0.01370   0.00474   0.36077   0.07998   0.21436   0.06830   0.05446   0.20754   0.33425   0.15305   0.03712   0.06869   0.05584   0.04032   0.01614   0.03807   0.08237   0.27654   0.14287   0.46013   0.57704   2.27976   0.95229   0.65497   1.83626   2.14372
 51 22.0600   7533.301534  x:  0.51688   0.05592   0.01613   0.03241   0.03553   0.49917   0.00000   0.00000   0.00752   0.25628   0.00597   0.01938   0.00000   0.01804   0.01546   0.01666   0.09453   0.02419   0.01301   0.08975   0.30323   0.25135   0.20101   0.13815   0.45539   0.05918   0.20542   0.14515   0.09046   0.02966   0.07946   0.01222   0.00463   0.35876   0.08028   0.21703   0.06907   0.05504   0.20334   0.33423   0.15307   0.03669   0.06726   0.05634   0.04035   0.01624   0.03795   0.08120   0.27834   0.14546   0.45262   0.57770   2.27760   0.95229   0.64867   1.81674   2.14943
 52 13.3970   7533.151540  x:  0.51974   0.05628   0.01619   0.03229   0.03560   0.50203   0.00000   0.00000   0.00761   0.25423   0.00575   0.01917   0.00000   0.01803   0.01526   0.01662   0.09935   0.02423   0.01316   0.08957   0.30022   0.24846   0.20389   0.13736   0.45771   0.05730   0.20661   0.14598   0.08993   0.02868   0.07855   0.01467   0.00432   0.35630   0.08009   0.21747   0.06755   0.05496   0.20136   0.33846   0.14988   0.03695   0.07451   0.05451   0.04066   0.01619   0.03818   0.08122   0.28156   0.14497   0.44993   0.57905   2.27996   0.95242   0.63994   1.77688   2.15759
 53 16.5785   7532.404407  x:  0.52536   0.05694   0.01642   0.03259   0.03509   0.50766   0.00000   0.00000   0.00720   0.25742   0.00554   0.01946   0.00000   0.01824   0.01451   0.01704   0.09336   0.02391   0.01235   0.09985   0.29272   0.24041   0.21310   0.12819   0.46358   0.06121   0.20862   0.14331   0.09006   0.03033   0.08071   0.01393   0.00573   0.34985   0.08053   0.21459   0.06780   0.05510   0.20404   0.35780   0.14281   0.03691   0.06855   0.05522   0.04104   0.01601   0.03864   0.08158   0.29126   0.13878   0.45042   0.58521   2.29766   0.95323   0.60127   1.57843   2.19459
 54 68.9338   7531.655021  x:  0.52552   0.05769   0.01674   0.03285   0.03482   0.50782   0.00000   0.00000   0.00709   0.26507   0.00516   0.01957   0.00000   0.01854   0.01364   0.01749   0.09538   0.02361   0.01307   0.09693   0.29479   0.24495   0.20708   0.13529   0.46491   0.06139   0.20430   0.14610   0.08962   0.03100   0.07745   0.01414   0.00606   0.35387   0.07878   0.21503   0.07513   0.05326   0.20716   0.35682   0.16059   0.03527   0.07211   0.05396   0.04148   0.01587   0.03949   0.08298   0.28677   0.13902   0.46170   0.59236   2.31801   0.95338   0.56490   1.37857   2.23065
 55 104.3132   7531.479983  x:  0.52553   0.05772   0.01679   0.03290   0.03503   0.50783   0.00000   0.00000   0.00716   0.26469   0.00502   0.01954   0.00000   0.01861   0.01348   0.01751   0.09495   0.02366   0.01330   0.09568   0.29930   0.24915   0.20438   0.13684   0.46391   0.06189   0.20530   0.14817   0.08940   0.03020   0.08076   0.01693   0.00613   0.35803   0.08101   0.21660   0.06670   0.05546   0.20477   0.35104   0.15814   0.03608   0.07108   0.05442   0.04161   0.01591   0.03948   0.08256   0.28519   0.13965   0.46625   0.59471   2.32298   0.95362   0.55786   1.33381   2.23898
 56 54.7219   7531.405342  x:  0.52591   0.05786   0.01683   0.03289   0.03489   0.50821   0.00000   0.00000   0.00700   0.26213   0.00500   0.01959   0.00000   0.01866   0.01340   0.01754   0.09509   0.02363   0.01344   0.09594   0.30355   0.25181   0.20455   0.13558   0.46165   0.06204   0.20763   0.14796   0.08957   0.03185   0.08007   0.01504   0.00638   0.36101   0.08067   0.21757   0.07074   0.05500   0.20280   0.34490   0.15168   0.03632   0.07187   0.05397   0.04172   0.01588   0.03965   0.08293   0.28553   0.13963   0.46890   0.59581   2.32491   0.95374   0.55561   1.31945   2.24221
 57 14.9324   7531.237926  x:  0.52939   0.05800   0.01687   0.03288   0.03465   0.51169   0.00000   0.00000   0.00708   0.25755   0.00481   0.01955   0.00000   0.01876   0.01314   0.01759   0.09478   0.02349   0.01417   0.09265   0.30661   0.24986   0.21418   0.13282   0.45286   0.06287   0.20700   0.14525   0.08905   0.03169   0.08020   0.01591   0.00663   0.36172   0.08086   0.21415   0.06956   0.05491   0.20479   0.33495   0.15722   0.03546   0.07158   0.05413   0.04183   0.01582   0.03972   0.08296   0.29454   0.13745   0.47349   0.59805   2.32744   0.95356   0.55229   1.31859   2.24819
 58  3.0604   7529.745922  x:  0.55315   0.05802   0.01718   0.03295   0.03404   0.53545   0.00000   0.00000   0.00671   0.26967   0.00366   0.01947   0.00000   0.01972   0.01086   0.01809   0.09372   0.02279   0.01371   0.10879   0.30570   0.24165   0.19630   0.13550   0.41715   0.05859   0.19809   0.16755   0.08491   0.03246   0.07954   0.01681   0.00645   0.35623   0.08132   0.21612   0.07057   0.05551   0.19717   0.33262   0.15826   0.03455   0.07250   0.05260   0.04250   0.01533   0.04035   0.08299   0.30353   0.12286   0.49671   0.61800   2.34671   0.95200   0.54442   1.36726   2.29814
 59  6.8439   7526.910609  x:  0.57561   0.06138   0.01778   0.03283   0.03249   0.55790   0.00000   0.00000   0.00642   0.27796   0.00185   0.01976   0.00000   0.02197   0.00616   0.01857   0.09289   0.02203   0.02036   0.08745   0.29825   0.24817   0.19182   0.14835   0.40952   0.07134   0.20576   0.13581   0.07724   0.03556   0.08430   0.01700   0.01315   0.35749   0.08762   0.22365   0.07257   0.05906   0.19484   0.34851   0.15402   0.03449   0.07686   0.05203   0.04391   0.01488   0.04170   0.08618   0.28260   0.11515   0.51714   0.64797   2.38293   0.95074   0.57155   1.45843   2.38655
 60 42.9176   7524.772250  x:  0.57136   0.06334   0.01837   0.03346   0.03295   0.55365   0.00000   0.00000   0.00631   0.27140   0.00094   0.02027   0.00000   0.02404   0.00272   0.01931   0.09405   0.02235   0.01918   0.10109   0.30528   0.26443   0.21219   0.14162   0.44090   0.07007   0.21315   0.15668   0.07142   0.03745   0.08677   0.01787   0.01560   0.36474   0.09185   0.22432   0.07463   0.06076   0.19867   0.35140   0.16627   0.03463   0.07926   0.05270   0.04537   0.01475   0.04331   0.08963   0.27509   0.12361   0.51393   0.66166   2.40952   0.94787   0.60752   1.52339   2.44747
 61 58.4250   7524.492107  x:  0.56655   0.06355   0.01848   0.03359   0.03320   0.54884   0.00000   0.00000   0.00616   0.28093   0.00089   0.02042   0.00000   0.02440   0.00228   0.01945   0.09456   0.02240   0.01918   0.10042   0.30983   0.26008   0.20680   0.14614   0.45421   0.07162   0.20888   0.15474   0.07077   0.03828   0.08714   0.01741   0.01534   0.36795   0.09253   0.22925   0.07533   0.06121   0.20002   0.34592   0.16430   0.03397   0.08004   0.05267   0.04576   0.01483   0.04354   0.08989   0.29394   0.12362   0.50914   0.66180   2.41345   0.94732   0.61533   1.53236   2.45599
 62 18.9913   7524.377211  x:  0.56571   0.06357   0.01854   0.03367   0.03322   0.54800   0.00000   0.00000   0.00613   0.28408   0.00091   0.02051   0.00000   0.02458   0.00238   0.01955   0.09481   0.02232   0.01931   0.10127   0.31467   0.24869   0.20544   0.14808   0.45621   0.07076   0.21949   0.15525   0.07049   0.03842   0.08736   0.01765   0.01560   0.37019   0.09272   0.22491   0.07528   0.06127   0.19980   0.34464   0.16592   0.03401   0.07988   0.05279   0.04585   0.01484   0.04370   0.09007   0.29272   0.12680   0.50848   0.66223   2.41519   0.94701   0.61784   1.53574   2.46023
 63  1.6816   7522.819319  x:  0.56210   0.06396   0.01924   0.03424   0.03440   0.54439   0.00000   0.00000   0.00658   0.28003   0.00176   0.02175   0.00000   0.02701   0.00457   0.02025   0.09726   0.02212   0.01963   0.10848   0.33068   0.22890   0.21887   0.15006   0.47835   0.07374   0.19222   0.15877   0.06646   0.04136   0.08992   0.01663   0.01517   0.38405   0.09617   0.24340   0.07621   0.06263   0.20739   0.34370   0.16402   0.03534   0.08120   0.05336   0.04688   0.01533   0.04499   0.09231   0.28628   0.13423   0.50455   0.66738   2.43961   0.94557   0.65114   1.58363   2.52330
 64  4.3839   7520.464619  x:  0.55299   0.06444   0.02041   0.03527   0.03447   0.53528   0.00000   0.00000   0.00674   0.29233   0.00365   0.02375   0.00000   0.03047   0.00723   0.02200   0.09830   0.02113   0.02001   0.10850   0.31503   0.28743   0.21296   0.14778   0.50780   0.07204   0.21720   0.16396   0.05918   0.04330   0.08924   0.01880   0.01289   0.37891   0.09699   0.23375   0.07642   0.06248   0.20882   0.34088   0.17145   0.03337   0.08067   0.05255   0.04861   0.01563   0.04721   0.09289   0.32157   0.13254   0.49283   0.66821   2.47562   0.94248   0.68879   1.65830   2.61813
 65 38.8895   7520.391588  x:  0.55324   0.06449   0.02045   0.03530   0.03445   0.53552   0.00000   0.00000   0.00675   0.29248   0.00366   0.02380   0.00000   0.03060   0.00724   0.02205   0.09849   0.02108   0.02027   0.10610   0.32669   0.28934   0.21292   0.14782   0.50765   0.07191   0.21694   0.16398   0.05866   0.04342   0.08919   0.01862   0.01313   0.36639   0.09705   0.23408   0.07627   0.06270   0.20882   0.34368   0.17155   0.03346   0.08056   0.05258   0.04864   0.01565   0.04726   0.09290   0.32120   0.13271   0.49292   0.66812   2.47658   0.94246   0.68906   1.65744   2.62237
 66  1.3765   7515.531200  x:  0.58363   0.06024   0.02171   0.03637   0.03851   0.56595   0.00000   0.00000   0.00928   0.27983   0.00586   0.02570   0.00000   0.03706   0.00612   0.02466   0.10361   0.01773   0.02224   0.10958   0.32257   0.27748   0.22164   0.14903   0.48954   0.06509   0.22234   0.15332   0.01940   0.04529   0.08517   0.01950   0.00292   0.37986   0.09390   0.23163   0.06949   0.06014   0.22370   0.36553   0.16705   0.03711   0.07276   0.05366   0.04963   0.01549   0.04931   0.09153   0.29434   0.14058   0.50666   0.66886   2.53538   0.94117   0.67837   1.57723   2.89060
 67  1.9356   7514.020985  x:  0.59959   0.06083   0.02260   0.03743   0.03877   0.58191   0.00000   0.00000   0.00918   0.28770   0.00151   0.02465   0.00000   0.03739   0.00762   0.02544   0.10364   0.02271   0.02014   0.11065   0.33012   0.28010   0.22515   0.15222   0.51211   0.06739   0.22655   0.15700   0.01162   0.04362   0.08715   0.01493   0.00537   0.39364   0.09559   0.24067   0.07108   0.06149   0.22696   0.37818   0.17076   0.03824   0.07672   0.05333   0.04936   0.01594   0.04931   0.09311   0.30919   0.14702   0.53046   0.69621   2.47791   0.93983   0.63824   1.45795   2.97885
 68  0.1686   7513.528192  x:  0.61668   0.06190   0.02260   0.03793   0.03834   0.59901   0.00000   0.00000   0.00940   0.29266   0.00198   0.02442   0.00000   0.03648   0.00781   0.02589   0.10389   0.02370   0.01887   0.11041   0.33702   0.28478   0.22871   0.15371   0.52527   0.06889   0.23016   0.16005   0.02009   0.04208   0.08900   0.01262   0.00685   0.40487   0.09618   0.24656   0.07257   0.06182   0.22889   0.38771   0.17360   0.03864   0.07867   0.05408   0.04950   0.01661   0.04934   0.09384   0.31541   0.15037   0.55236   0.71975   2.44580   0.93815   0.61385   1.39058   2.99719
 69  0.1991   7513.311529  x:  0.62957   0.06327   0.02239   0.03811   0.03807   0.61190   0.00000   0.00000   0.00992   0.29529   0.00408   0.02470   0.00000   0.03632   0.00770   0.02638   0.10446   0.02291   0.01870   0.11033   0.34414   0.29094   0.23167   0.15518   0.53305   0.07047   0.23299   0.16288   0.01649   0.04217   0.09000   0.01533   0.00670   0.41248   0.09660   0.24942   0.07293   0.06195   0.23026   0.39282   0.17677   0.03871   0.07984   0.05513   0.04975   0.01699   0.04952   0.09425   0.31657   0.15283   0.56689   0.73614   2.44888   0.93679   0.60108   1.36602   3.02853
 70  0.0690   7513.195138  x:  0.64246   0.06439   0.02253   0.03830   0.03926   0.62479   0.00000   0.00000   0.01002   0.30106   0.00312   0.02556   0.00000   0.03613   0.00845   0.02619   0.10709   0.02327   0.01867   0.11148   0.35253   0.29916   0.23389   0.15745   0.54315   0.07017   0.23575   0.16536   0.01630   0.04248   0.09048   0.01630   0.00457   0.42008   0.09789   0.25161   0.07331   0.06278   0.23423   0.39630   0.17909   0.03888   0.07964   0.05832   0.05039   0.01799   0.04972   0.09528   0.32450   0.15467   0.57581   0.74709   2.47610   0.93412   0.59710   1.35416   3.06416
 71  0.0420   7513.170980  x:  0.64535   0.06480   0.02254   0.03836   0.03941   0.62768   0.00000   0.00000   0.01003   0.30269   0.00311   0.02601   0.00000   0.03568   0.00862   0.02597   0.10784   0.02339   0.01908   0.11315   0.35345   0.29994   0.23647   0.15830   0.54642   0.07093   0.23724   0.16619   0.01641   0.04340   0.09147   0.01532   0.00563   0.42184   0.09982   0.25281   0.07446   0.06369   0.23528   0.39923   0.18033   0.03931   0.08076   0.05861   0.05072   0.01827   0.05010   0.09671   0.32506   0.15505   0.57760   0.74966   2.47608   0.93251   0.60390   1.36727   3.07418
 72  0.0129   7513.165708  x:  0.64688   0.06471   0.02257   0.03841   0.03944   0.62922   0.00000   0.00000   0.01004   0.30284   0.00319   0.02612   0.00000   0.03522   0.00867   0.02581   0.10783   0.02360   0.01922   0.11336   0.35315   0.29964   0.23642   0.15901   0.54608   0.07102   0.23750   0.16591   0.01649   0.04356   0.09158   0.01573   0.00526   0.42207   0.09974   0.25346   0.07443   0.06364   0.23598   0.40020   0.18013   0.03952   0.08070   0.05841   0.05077   0.01840   0.05022   0.09658   0.32537   0.15542   0.57863   0.74972   2.47201   0.93194   0.60126   1.36211   3.07042
 73  0.0049   7513.164380  x:  0.64627   0.06478   0.02262   0.03842   0.03953   0.62861   0.00000   0.00000   0.00996   0.30277   0.00325   0.02612   0.00000   0.03495   0.00869   0.02571   0.10774   0.02355   0.01922   0.11316   0.35334   0.29973   0.23628   0.15894   0.54547   0.07095   0.23749   0.16609   0.01644   0.04349   0.09150   0.01558   0.00531   0.42182   0.09965   0.25352   0.07436   0.06364   0.23595   0.39959   0.18012   0.03949   0.08069   0.05829   0.05086   0.01843   0.05029   0.09653   0.32516   0.15556   0.57801   0.74882   2.47354   0.93182   0.60275   1.36869   3.05967
 74  0.0063   7513.164083  x:  0.64610   0.06477   0.02263   0.03844   0.03944   0.62844   0.00000   0.00000   0.00991   0.30271   0.00321   0.02612   0.00000   0.03492   0.00872   0.02572   0.10773   0.02353   0.01917   0.11313   0.35318   0.29960   0.23631   0.15871   0.54565   0.07094   0.23745   0.16603   0.01641   0.04342   0.09150   0.01563   0.00536   0.42182   0.09959   0.25334   0.07437   0.06360   0.23581   0.39964   0.18009   0.03944   0.08066   0.05830   0.05084   0.01846   0.05027   0.09650   0.32514   0.15547   0.57794   0.74894   2.47275   0.93181   0.60263   1.36762   3.05566
 75  0.0022   7513.164020  x:  0.64625   0.06474   0.02263   0.03844   0.03943   0.62858   0.00000   0.00000   0.00989   0.30269   0.00322   0.02613   0.00000   0.03495   0.00873   0.02576   0.10777   0.02351   0.01920   0.11313   0.35319   0.29957   0.23628   0.15874   0.54577   0.07094   0.23743   0.16596   0.01639   0.04346   0.09150   0.01561   0.00535   0.42187   0.09959   0.25331   0.07434   0.06360   0.23580   0.39970   0.18003   0.03945   0.08065   0.05832   0.05082   0.01846   0.05026   0.09653   0.32509   0.15538   0.57808   0.74911   2.47256   0.93175   0.60289   1.36902   3.05452
 76  0.0009   7513.164003  x:  0.64634   0.06476   0.02262   0.03844   0.03945   0.62868   0.00000   0.00000   0.00988   0.30273   0.00322   0.02613   0.00000   0.03498   0.00874   0.02578   0.10776   0.02352   0.01920   0.11316   0.35326   0.29959   0.23631   0.15879   0.54579   0.07095   0.23745   0.16602   0.01642   0.04347   0.09151   0.01563   0.00536   0.42190   0.09961   0.25336   0.07438   0.06362   0.23585   0.39974   0.18009   0.03946   0.08067   0.05832   0.05082   0.01846   0.05026   0.09653   0.32514   0.15540   0.57815   0.74914   2.47269   0.93171   0.60292   1.36902   3.05400
 77  0.0003   7513.164000  x:  0.64634   0.06477   0.02263   0.03844   0.03945   0.62868   0.00000   0.00000   0.00989   0.30274   0.00322   0.02613   0.00000   0.03499   0.00875   0.02578   0.10776   0.02352   0.01920   0.11316   0.35326   0.29960   0.23633   0.15878   0.54578   0.07095   0.23747   0.16602   0.01641   0.04346   0.09152   0.01561   0.00536   0.42191   0.09961   0.25338   0.07437   0.06362   0.23586   0.39974   0.18009   0.03947   0.08068   0.05831   0.05082   0.01846   0.05026   0.09653   0.32515   0.15542   0.57814   0.74911   2.47265   0.93170   0.60284   1.36883   3.05392
 78  0.0002   7513.163999  x:  0.64634   0.06477   0.02263   0.03844   0.03945   0.62867   0.00000   0.00000   0.00989   0.30275   0.00322   0.02613   0.00000   0.03499   0.00875   0.02578   0.10777   0.02352   0.01920   0.11316   0.35326   0.29961   0.23633   0.15878   0.54577   0.07095   0.23747   0.16602   0.01641   0.04346   0.09152   0.01562   0.00536   0.42191   0.09961   0.25338   0.07437   0.06362   0.23586   0.39974   0.18009   0.03946   0.08068   0.05832   0.05083   0.01845   0.05027   0.09653   0.32515   0.15543   0.57813   0.74910   2.47263   0.93169   0.60288   1.36894   3.05383
 79  0.0001   7513.163999  x:  0.64635   0.06477   0.02263   0.03844   0.03945   0.62868   0.00000   0.00000   0.00989   0.30275   0.00322   0.02613   0.00000   0.03499   0.00875   0.02578   0.10777   0.02352   0.01920   0.11316   0.35326   0.29961   0.23633   0.15878   0.54577   0.07095   0.23747   0.16602   0.01641   0.04346   0.09152   0.01562   0.00536   0.42192   0.09961   0.25338   0.07437   0.06362   0.23586   0.39975   0.18009   0.03946   0.08068   0.05832   0.05083   0.01845   0.05027   0.09653   0.32515   0.15543   0.57814   0.74911   2.47263   0.93169   0.60288   1.36894   3.05380
 80  0.0000   7513.163999  x:  0.64634   0.06477   0.02263   0.03844   0.03945   0.62868   0.00000   0.00000   0.00989   0.30274   0.00322   0.02613   0.00000   0.03499   0.00875   0.02577   0.10777   0.02352   0.01920   0.11316   0.35326   0.29961   0.23633   0.15878   0.54577   0.07095   0.23747   0.16602   0.01641   0.04346   0.09152   0.01562   0.00536   0.42192   0.09961   0.25338   0.07437   0.06362   0.23586   0.39975   0.18009   0.03946   0.08068   0.05832   0.05083   0.01845   0.05027   0.09653   0.32515   0.15543   0.57814   0.74911   2.47263   0.93169   0.60287   1.36894   3.05379
 81  0.0000   7513.163999  x:  0.64634   0.06477   0.02263   0.03844   0.03945   0.62868   0.00000   0.00000   0.00989   0.30274   0.00322   0.02613   0.00000   0.03499   0.00875   0.02577   0.10777   0.02352   0.01920   0.11316   0.35326   0.29961   0.23633   0.15878   0.54577   0.07095   0.23747   0.16602   0.01641   0.04346   0.09152   0.01562   0.00536   0.42192   0.09961   0.25338   0.07437   0.06362   0.23586   0.39975   0.18009   0.03946   0.08068   0.05832   0.05083   0.01845   0.05027   0.09653   0.32515   0.15543   0.57814   0.74911   2.47263   0.93169   0.60288   1.36894   3.05379
