   1 K   0.40053 0.34780 0.16295 0.05997 0.01985 0.00623 0.00190 0.00057 0.00017 0.00004 0.00000 (1)  0.148 +-  0.108
   2 A   0.00080 0.01676 0.05727 0.10569 0.14389 0.16292 0.16239 0.14639 0.11989 0.08362 0.00040 (6)  0.606 +-  0.212
   3 L   0.17533 0.27405 0.22940 0.14863 0.08518 0.04546 0.02312 0.01131 0.00529 0.00223 0.00000 (2)  0.253 +-  0.168
   4 R   0.00000 0.00000 0.00000 0.00011 0.00124 0.00728 0.02767 0.07608 0.16026 0.25000 0.47736 (11)  2.108 +-  1.314
   5 I   0.01584 0.15593 0.25680 0.23311 0.15935 0.09253 0.04834 0.02337 0.01053 0.00420 0.00000 (3)  0.354 +-  0.167
   6 P   0.51927 0.26161 0.12532 0.05502 0.02316 0.00950 0.00383 0.00151 0.00058 0.00020 0.00000 (1)  0.136 +-  0.118
   7 G   0.00079 0.01663 0.05669 0.10454 0.14248 0.16183 0.16210 0.14713 0.12152 0.08561 0.00067 (7)  0.609 +-  0.217
   8 D   0.00002 0.00476 0.03971 0.10768 0.16966 0.19439 0.18054 0.14386 0.10063 0.05875 0.00001 (6)  0.598 +-  0.185
   9 L   0.00004 0.00287 0.01744 0.04811 0.08997 0.13319 0.16796 0.18710 0.18574 0.15355 0.01402 (8)  0.735 +-  0.363
  10 R   0.00000 0.00016 0.00316 0.01766 0.05254 0.10684 0.16747 0.21562 0.23386 0.20100 0.00168 (9)  0.755 +-  0.183
  11 V   0.00000 0.00005 0.00089 0.00520 0.01724 0.04073 0.07639 0.12025 0.16235 0.17762 0.39929 (11)  1.877 +-  1.345
  12 A   0.03698 0.10019 0.14303 0.15584 0.14809 0.12917 0.10583 0.08213 0.05999 0.03861 0.00014 (4)  0.463 +-  0.235
  13 T   0.00001 0.00105 0.00971 0.03435 0.07557 0.12498 0.17009 0.19946 0.20451 0.17169 0.00858 (9)  0.742 +-  0.295
  14 V   0.66273 0.22738 0.07572 0.02368 0.00728 0.00223 0.00069 0.00021 0.00006 0.00002 0.00000 (1)  0.100 +-  0.084
  15 T   0.00006 0.00815 0.05043 0.11800 0.17169 0.18865 0.17206 0.13683 0.09664 0.05748 0.00001 (6)  0.587 +-  0.190
  16 L   0.00019 0.01829 0.08944 0.16960 0.20368 0.18720 0.14425 0.09768 0.05916 0.03050 0.00000 (5)  0.525 +-  0.187
  17 M   0.00009 0.01071 0.06308 0.13934 0.18995 0.19417 0.16369 0.11964 0.07731 0.04201 0.00000 (6)  0.560 +-  0.187
  18 L   0.49702 0.26235 0.13211 0.06114 0.02719 0.01182 0.00505 0.00212 0.00087 0.00032 0.00000 (1)  0.143 +-  0.125
  19 A   0.00219 0.06499 0.17920 0.22891 0.20234 0.14451 0.08983 0.05047 0.02595 0.01162 0.00000 (4)  0.435 +-  0.179
  20 M   0.02081 0.18364 0.27444 0.22870 0.14513 0.07907 0.03915 0.01811 0.00788 0.00306 0.00000 (3)  0.335 +-  0.161
  21 L   0.79855 0.13935 0.04147 0.01351 0.00461 0.00162 0.00058 0.00021 0.00007 0.00002 0.00000 (1)  0.080 +-  0.070
  22 S   0.29141 0.33602 0.20691 0.09857 0.04153 0.01629 0.00609 0.00219 0.00075 0.00023 0.00000 (2)  0.185 +-  0.130
  23 S   0.00000 0.00018 0.00460 0.02677 0.07559 0.13899 0.19180 0.21412 0.19985 0.14799 0.00012 (8)  0.717 +-  0.165
  24 L   0.22351 0.19955 0.16929 0.13079 0.09618 0.06846 0.04745 0.03198 0.02072 0.01206 0.00002 (1)  0.294 +-  0.222
  25 L   0.00022 0.02031 0.09561 0.17561 0.20538 0.18473 0.13991 0.09348 0.05605 0.02870 0.00000 (5)  0.518 +-  0.186
  26 A   0.05105 0.12685 0.16658 0.16720 0.14657 0.11810 0.08950 0.06435 0.04362 0.02616 0.00002 (4)  0.421 +-  0.227
  27 E   0.37163 0.34774 0.17528 0.06913 0.02439 0.00811 0.00260 0.00081 0.00025 0.00007 0.00000 (1)  0.157 +-  0.113
  28 G   0.06276 0.23773 0.26876 0.19761 0.11805 0.06243 0.03043 0.01393 0.00600 0.00230 0.00000 (3)  0.300 +-  0.162
  29 R   0.00001 0.00052 0.00436 0.01679 0.04295 0.08440 0.13697 0.19064 0.23006 0.22441 0.06890 (9)  0.946 +-  0.684
  30 D   0.39155 0.34757 0.16679 0.06290 0.02132 0.00684 0.00213 0.00065 0.00019 0.00005 0.00000 (1)  0.151 +-  0.110
  31 S   0.00072 0.01561 0.05459 0.10270 0.14205 0.16292 0.16401 0.14894 0.12254 0.08563 0.00029 (7)  0.610 +-  0.209
  32 P   0.05300 0.12988 0.16854 0.16746 0.14558 0.11652 0.08787 0.06297 0.04261 0.02554 0.00003 (3)  0.417 +-  0.226
  33 E   0.00000 0.00058 0.01109 0.05090 0.11637 0.17616 0.20284 0.19125 0.15260 0.09818 0.00002 (7)  0.668 +-  0.172
  34 D   0.11639 0.22031 0.22147 0.17071 0.11528 0.07177 0.04215 0.02357 0.01247 0.00588 0.00000 (3)  0.307 +-  0.191
  35 F   0.25820 0.32526 0.21794 0.11247 0.05111 0.02153 0.00861 0.00330 0.00120 0.00039 0.00000 (2)  0.200 +-  0.138
  36 V   0.08253 0.27225 0.27325 0.18190 0.10031 0.04991 0.02331 0.01040 0.00444 0.00171 0.00000 (3)  0.278 +-  0.156
  37 F   0.00000 0.00000 0.00000 0.00001 0.00012 0.00103 0.00504 0.01696 0.04242 0.07900 0.85541 (11)  3.182 +-  1.008
  38 Q   0.59526 0.24917 0.09940 0.03651 0.01291 0.00448 0.00153 0.00052 0.00017 0.00005 0.00000 (1)  0.115 +-  0.099
  39 F   0.00824 0.05788 0.11899 0.15681 0.16549 0.15239 0.12745 0.09856 0.07045 0.04371 0.00003 (5)  0.510 +-  0.217
  40 K   0.00909 0.11554 0.22822 0.23739 0.18016 0.11345 0.06311 0.03201 0.01493 0.00610 0.00000 (4)  0.385 +-  0.172
  41 G   0.00000 0.00014 0.00378 0.02282 0.06702 0.12845 0.18515 0.21631 0.21163 0.16429 0.00042 (8)  0.730 +-  0.168
  42 M   0.00000 0.00000 0.00002 0.00059 0.00518 0.02397 0.07203 0.15754 0.26555 0.32965 0.14548 (10)  1.213 +-  0.915
  43 C   0.78466 0.14565 0.04566 0.01551 0.00547 0.00196 0.00071 0.00026 0.00009 0.00003 0.00000 (1)  0.082 +-  0.074
  44 Y   0.80854 0.13551 0.03844 0.01186 0.00380 0.00125 0.00041 0.00014 0.00004 0.00001 0.00000 (1)  0.077 +-  0.066
  45 F   0.25786 0.32492 0.21791 0.11264 0.05130 0.02168 0.00870 0.00335 0.00123 0.00040 0.00000 (2)  0.200 +-  0.138
  46 T   0.04299 0.18941 0.24711 0.20817 0.14151 0.08462 0.04635 0.02371 0.01133 0.00479 0.00000 (3)  0.338 +-  0.176
  47 N   0.87648 0.09904 0.01918 0.00409 0.00092 0.00022 0.00005 0.00001 0.00000 0.00000 0.00000 (1)  0.065 +-  0.046
  48 G   0.86868 0.10371 0.02126 0.00481 0.00115 0.00029 0.00007 0.00002 0.00001 0.00000 0.00000 (1)  0.067 +-  0.048
  49 T   0.84383 0.11795 0.02810 0.00733 0.00200 0.00056 0.00016 0.00005 0.00001 0.00000 0.00000 (1)  0.071 +-  0.056
  50 E   0.10626 0.31215 0.27840 0.16440 0.08029 0.03532 0.01457 0.00573 0.00215 0.00073 0.00000 (2)  0.251 +-  0.142
  51 R   0.02475 0.13370 0.20933 0.20820 0.16494 0.11373 0.07121 0.04133 0.02227 0.01054 0.00000 (3)  0.389 +-  0.192
  52 V   0.58140 0.25401 0.10399 0.03894 0.01404 0.00498 0.00175 0.00061 0.00021 0.00007 0.00000 (1)  0.118 +-  0.101
  53 R   0.51402 0.25964 0.12620 0.05690 0.02488 0.01073 0.00459 0.00194 0.00080 0.00030 0.00000 (1)  0.139 +-  0.122
  54 L   0.00000 0.00000 0.00000 0.00000 0.00000 0.00000 0.00000 0.00000 0.00000 0.00001 0.99999 (11)  3.632 +-  0.471
  55 V   0.64843 0.23245 0.08069 0.02623 0.00835 0.00265 0.00084 0.00027 0.00008 0.00002 0.00000 (1)  0.103 +-  0.087
  56 T   0.00891 0.10646 0.21049 0.22687 0.18202 0.12259 0.07339 0.04016 0.02022 0.00889 0.00000 (4)  0.401 +-  0.180
  57 R   0.26135 0.21831 0.17303 0.12473 0.08548 0.05663 0.03649 0.02284 0.01373 0.00741 0.00000 (1)  0.262 +-  0.206
  58 Y   0.00082 0.03181 0.11282 0.18236 0.20057 0.17525 0.13101 0.08700 0.05193 0.02643 0.00000 (5)  0.503 +-  0.190
  59 I   0.34933 0.34637 0.18451 0.07666 0.02841 0.00990 0.00332 0.00108 0.00034 0.00010 0.00000 (1)  0.164 +-  0.117
  60 Y   0.78637 0.14478 0.04514 0.01529 0.00539 0.00194 0.00071 0.00026 0.00009 0.00003 0.00000 (1)  0.082 +-  0.074
  61 N   0.88207 0.09556 0.01773 0.00363 0.00078 0.00018 0.00004 0.00001 0.00000 0.00000 0.00000 (1)  0.065 +-  0.044
  62 R   0.00030 0.01420 0.06190 0.12309 0.16653 0.17885 0.16411 0.13353 0.09738 0.06009 0.00002 (6)  0.581 +-  0.198
  63 E   0.88770 0.09179 0.01639 0.00325 0.00069 0.00015 0.00003 0.00001 0.00000 0.00000 0.00000 (1)  0.064 +-  0.043
  64 E   0.89709 0.08551 0.01414 0.00261 0.00052 0.00011 0.00002 0.00001 0.00000 0.00000 0.00000 (1)  0.062 +-  0.040
  65 Y   0.00000 0.00000 0.00027 0.00362 0.01937 0.06039 0.13076 0.21597 0.28412 0.28194 0.00355 (9)  0.810 +-  0.185
  66 A   0.00000 0.00027 0.00636 0.03389 0.08840 0.15140 0.19615 0.20723 0.18454 0.13161 0.00014 (8)  0.702 +-  0.169
  67 R   0.05034 0.20843 0.25670 0.20493 0.13248 0.07556 0.03959 0.01941 0.00892 0.00363 0.00000 (3)  0.322 +-  0.171
  68 F   0.23034 0.31197 0.22490 0.12486 0.06101 0.02762 0.01186 0.00487 0.00191 0.00067 0.00000 (2)  0.215 +-  0.146
  69 D   0.89394 0.08770 0.01485 0.00280 0.00056 0.00012 0.00003 0.00001 0.00000 0.00000 0.00000 (1)  0.063 +-  0.041
  70 S   0.86020 0.10895 0.02348 0.00554 0.00137 0.00035 0.00009 0.00002 0.00001 0.00000 0.00000 (1)  0.068 +-  0.051
  71 D   0.70478 0.21149 0.06121 0.01656 0.00439 0.00116 0.00031 0.00008 0.00002 0.00001 0.00000 (1)  0.091 +-  0.074
  72 V   0.00013 0.01321 0.06989 0.14370 0.18757 0.18787 0.15817 0.11733 0.07800 0.04412 0.00001 (6)  0.557 +-  0.191
  73 G   0.08321 0.27699 0.27716 0.18194 0.09800 0.04726 0.02126 0.00910 0.00371 0.00137 0.00000 (3)  0.274 +-  0.152
  74 V   0.02617 0.21235 0.29180 0.22366 0.13063 0.06559 0.02997 0.01282 0.00516 0.00186 0.00000 (3)  0.314 +-  0.152
  75 Y   0.00006 0.00724 0.04561 0.10986 0.16531 0.18777 0.17634 0.14347 0.10284 0.06150 0.00000 (6)  0.597 +-  0.189
  76 R   0.00000 0.00180 0.01892 0.06395 0.12405 0.17269 0.19222 0.18096 0.14729 0.09809 0.00003 (7)  0.657 +-  0.180
  77 A   0.62110 0.24219 0.09029 0.03110 0.01035 0.00339 0.00110 0.00035 0.00011 0.00003 0.00000 (1)  0.108 +-  0.093
  78 V   0.01342 0.13815 0.23923 0.22957 0.16675 0.10342 0.05800 0.03026 0.01478 0.00642 0.00000 (3)  0.373 +-  0.175
  79 T   0.82677 0.12682 0.03302 0.00938 0.00278 0.00085 0.00026 0.00008 0.00002 0.00001 0.00000 (1)  0.074 +-  0.061
  80 P   0.10248 0.30627 0.27794 0.16713 0.08323 0.03741 0.01580 0.00639 0.00247 0.00087 0.00000 (2)  0.255 +-  0.145
  81 Q   0.03459 0.16185 0.22609 0.20554 0.15190 0.09942 0.05999 0.03399 0.01809 0.00855 0.00000 (3)  0.365 +-  0.189
  82 G   0.86834 0.10396 0.02133 0.00483 0.00116 0.00029 0.00007 0.00002 0.00001 0.00000 0.00000 (1)  0.067 +-  0.048
  83 R   0.04408 0.19037 0.24544 0.20588 0.14036 0.08473 0.04715 0.02463 0.01209 0.00527 0.00000 (3)  0.338 +-  0.178
  84 P   0.00484 0.06835 0.15901 0.20116 0.18903 0.14883 0.10397 0.06628 0.03880 0.01975 0.00000 (4)  0.457 +-  0.195
  85 D   0.00000 0.00000 0.00000 0.00000 0.00000 0.00000 0.00000 0.00000 0.00002 0.00005 0.99992 (11)  3.632 +-  0.472
  86 A   0.05948 0.22946 0.26483 0.19925 0.12204 0.06630 0.03325 0.01568 0.00696 0.00275 0.00000 (3)  0.307 +-  0.166
  87 E   0.40325 0.34679 0.16178 0.05952 0.01975 0.00622 0.00191 0.00057 0.00017 0.00004 0.00000 (1)  0.148 +-  0.108
  88 Y   0.00005 0.00695 0.04444 0.10833 0.16454 0.18817 0.17747 0.14465 0.10362 0.06177 0.00000 (6)  0.598 +-  0.189
  89 W   0.00034 0.01601 0.06846 0.13282 0.17459 0.18149 0.16067 0.12573 0.08794 0.05194 0.00000 (6)  0.567 +-  0.196
  90 N   0.88207 0.09556 0.01773 0.00363 0.00078 0.00018 0.00004 0.00001 0.00000 0.00000 0.00000 (1)  0.065 +-  0.044
  91 S   0.00000 0.00010 0.00283 0.01843 0.05791 0.11795 0.17941 0.21971 0.22379 0.17945 0.00041 (9)  0.741 +-  0.163
  92 Q   0.05929 0.22944 0.26517 0.19949 0.12205 0.06619 0.03313 0.01560 0.00691 0.00273 0.00000 (3)  0.307 +-  0.165
  93 K   0.00021 0.01990 0.09471 0.17524 0.20587 0.18553 0.14047 0.09365 0.05594 0.02848 0.00000 (5)  0.519 +-  0.186
  94 E   0.11829 0.32874 0.27735 0.15511 0.07189 0.03011 0.01186 0.00448 0.00163 0.00054 0.00000 (2)  0.241 +-  0.138
  95 V   0.00000 0.00000 0.00000 0.00001 0.00012 0.00078 0.00334 0.01023 0.02411 0.04399 0.91743 (11)  3.366 +-  0.839
  96 L   0.18102 0.27817 0.22914 0.14624 0.08263 0.04351 0.02184 0.01055 0.00487 0.00203 0.00000 (2)  0.249 +-  0.166
  97 E   0.12302 0.33714 0.27853 0.15137 0.06762 0.02706 0.01010 0.00358 0.00121 0.00037 0.00000 (2)  0.235 +-  0.134
  98 G   0.00000 0.00007 0.00219 0.01527 0.05086 0.10901 0.17347 0.22120 0.23368 0.19350 0.00075 (9)  0.752 +-  0.166
  99 T   0.00000 0.00005 0.00193 0.01448 0.05039 0.11041 0.17680 0.22411 0.23308 0.18852 0.00022 (9)  0.750 +-  0.156
 100 R   0.81548 0.13201 0.03639 0.01098 0.00347 0.00113 0.00037 0.00012 0.00004 0.00001 0.00000 (1)  0.076 +-  0.064
 101 A   0.85208 0.11340 0.02577 0.00643 0.00169 0.00046 0.00013 0.00004 0.00001 0.00000 0.00000 (1)  0.069 +-  0.053
 102 E   0.00040 0.03223 0.13327 0.21430 0.21887 0.17164 0.11326 0.06597 0.03454 0.01552 0.00000 (5)  0.473 +-  0.177
 103 L   0.00000 0.00158 0.01632 0.05526 0.10935 0.15807 0.18568 0.18720 0.16527 0.12051 0.00075 (8)  0.678 +-  0.193
 104 D   0.70445 0.21164 0.06132 0.01661 0.00440 0.00116 0.00031 0.00008 0.00002 0.00001 0.00000 (1)  0.091 +-  0.074
 105 T   0.28517 0.33368 0.20882 0.10125 0.04347 0.01740 0.00664 0.00244 0.00086 0.00027 0.00000 (2)  0.188 +-  0.132
 106 V   0.64614 0.23400 0.08145 0.02637 0.00831 0.00259 0.00081 0.00025 0.00008 0.00002 0.00000 (1)  0.103 +-  0.087
 107 C   0.79222 0.14263 0.04337 0.01429 0.00489 0.00170 0.00060 0.00021 0.00007 0.00002 0.00000 (1)  0.081 +-  0.071
 108 R   0.04412 0.11437 0.15634 0.16307 0.14829 0.12374 0.09695 0.07193 0.05022 0.03094 0.00004 (4)  0.439 +-  0.230
 109 H   0.01510 0.15183 0.25444 0.23413 0.16162 0.09445 0.04949 0.02393 0.01075 0.00426 0.00000 (3)  0.357 +-  0.167
 110 N   0.87948 0.09718 0.01840 0.00384 0.00085 0.00019 0.00005 0.00001 0.00000 0.00000 0.00000 (1)  0.065 +-  0.045
 111 Y   0.81509 0.13252 0.03648 0.01092 0.00340 0.00108 0.00035 0.00011 0.00004 0.00001 0.00000 (1)  0.076 +-  0.064
 112 E   0.00000 0.00100 0.01465 0.05806 0.12208 0.17632 0.19824 0.18531 0.14813 0.09619 0.00002 (7)  0.661 +-  0.176
 113 V   0.00000 0.00000 0.00000 0.00000 0.00000 0.00002 0.00013 0.00055 0.00180 0.00445 0.99305 (11)  3.608 +-  0.511
 114 A   0.00001 0.00258 0.02679 0.08538 0.15215 0.19174 0.19165 0.16148 0.11766 0.07054 0.00001 (6)  0.624 +-  0.181
 115 F   0.00000 0.00000 0.00000 0.00000 0.00000 0.00000 0.00000 0.00000 0.00000 0.00001 0.99999 (11)  3.632 +-  0.471
 116 R   0.00000 0.00000 0.00000 0.00006 0.00067 0.00395 0.01506 0.04168 0.08911 0.14425 0.70522 (11)  2.740 +-  1.240
 117 G   0.00000 0.00000 0.00004 0.00071 0.00530 0.02189 0.06094 0.12697 0.20828 0.25749 0.31838 (11)  1.684 +-  1.258
 118 I   0.00000 0.00115 0.01321 0.04863 0.10275 0.15579 0.18888 0.19365 0.17159 0.12405 0.00030 (8)  0.685 +-  0.182
 119 L   0.00167 0.03005 0.08845 0.14153 0.16806 0.16692 0.14671 0.11724 0.08560 0.05372 0.00004 (5)  0.551 +-  0.208
 120 Q   0.22280 0.30645 0.22536 0.12820 0.06449 0.03020 0.01348 0.00579 0.00238 0.00088 0.00000 (2)  0.220 +-  0.150
 121 R   0.80235 0.13782 0.04032 0.01290 0.00432 0.00149 0.00052 0.00018 0.00006 0.00002 0.00000 (1)  0.079 +-  0.069
 122 R   0.00171 0.01616 0.04429 0.07778 0.10936 0.13414 0.14934 0.15356 0.14553 0.11836 0.04977 (8)  0.785 +-  0.652
 123 V   0.01754 0.16399 0.25987 0.22975 0.15469 0.08940 0.04692 0.02298 0.01056 0.00432 0.00000 (3)  0.350 +-  0.167
 124 E   0.00056 0.02321 0.08810 0.15394 0.18475 0.17765 0.14729 0.10924 0.07325 0.04200 0.00001 (5)  0.540 +-  0.197
 125 P   0.68414 0.17393 0.07477 0.03478 0.01676 0.00821 0.00405 0.00199 0.00095 0.00041 0.00000 (1)  0.109 +-  0.112
 126 T   0.00001 0.00083 0.00664 0.02323 0.05358 0.09559 0.14259 0.18490 0.21065 0.19682 0.08516 (9)  0.975 +-  0.769
 127 V   0.87672 0.09854 0.01924 0.00420 0.00098 0.00024 0.00006 0.00002 0.00000 0.00000 0.00000 (1)  0.066 +-  0.046
 128 T   0.22126 0.30617 0.22615 0.12896 0.06486 0.03029 0.01344 0.00571 0.00232 0.00084 0.00000 (2)  0.220 +-  0.150
 129 I   0.33611 0.34446 0.18975 0.08152 0.03122 0.01123 0.00388 0.00130 0.00042 0.00012 0.00000 (2)  0.169 +-  0.120
 130 S   0.75600 0.15595 0.05432 0.02049 0.00801 0.00318 0.00128 0.00051 0.00020 0.00007 0.00000 (1)  0.089 +-  0.084
 131 P   0.00584 0.04382 0.09638 0.13627 0.15479 0.15387 0.13932 0.11697 0.09095 0.06137 0.00043 (5)  0.548 +-  0.227
 132 S   0.47044 0.26419 0.14065 0.06833 0.03168 0.01425 0.00626 0.00268 0.00111 0.00041 0.00000 (1)  0.152 +-  0.132
 133 R   0.00170 0.05498 0.16319 0.22207 0.20686 0.15396 0.09860 0.05642 0.02920 0.01301 0.00000 (4)  0.448 +-  0.180
 134 T   0.00300 0.02595 0.06525 0.10495 0.13493 0.15110 0.15334 0.14355 0.12375 0.09171 0.00246 (7)  0.609 +-  0.254
 135 E   0.89709 0.08551 0.01414 0.00261 0.00052 0.00011 0.00002 0.00001 0.00000 0.00000 0.00000 (1)  0.062 +-  0.040
 136 A   0.09684 0.19629 0.21119 0.17422 0.12592 0.08395 0.05284 0.03167 0.01798 0.00910 0.00000 (3)  0.333 +-  0.202
 137 L   0.33787 0.24377 0.16784 0.10582 0.06384 0.03748 0.02153 0.01209 0.00655 0.00321 0.00000 (1)  0.213 +-  0.179
 138 N   0.67689 0.22356 0.07068 0.02071 0.00589 0.00165 0.00046 0.00013 0.00003 0.00001 0.00000 (1)  0.096 +-  0.080
 139 H   0.63427 0.23828 0.08562 0.02846 0.00916 0.00290 0.00091 0.00028 0.00009 0.00002 0.00000 (1)  0.105 +-  0.090
 140 H   0.85367 0.11259 0.02531 0.00624 0.00161 0.00043 0.00012 0.00003 0.00001 0.00000 0.00000 (1)  0.069 +-  0.053
 141 N   0.86733 0.10465 0.02158 0.00489 0.00117 0.00029 0.00007 0.00002 0.00000 0.00000 0.00000 (1)  0.067 +-  0.049
 142 L   0.02755 0.13861 0.20776 0.20236 0.15997 0.11180 0.07190 0.04333 0.02448 0.01224 0.00000 (3)  0.390 +-  0.196
 143 L   0.79675 0.14005 0.04201 0.01381 0.00476 0.00169 0.00061 0.00022 0.00008 0.00003 0.00000 (1)  0.080 +-  0.071
 144 V   0.85821 0.10960 0.02416 0.00591 0.00154 0.00042 0.00012 0.00003 0.00001 0.00000 0.00000 (1)  0.068 +-  0.052
 145 C   0.78879 0.14400 0.04441 0.01485 0.00515 0.00182 0.00065 0.00023 0.00008 0.00003 0.00000 (1)  0.081 +-  0.073
 146 S   0.29537 0.23063 0.17160 0.11666 0.07572 0.04770 0.02933 0.01758 0.01015 0.00528 0.00000 (1)  0.239 +-  0.194
 147 V   0.87711 0.09830 0.01914 0.00417 0.00097 0.00024 0.00006 0.00002 0.00000 0.00000 0.00000 (1)  0.065 +-  0.046
 148 T   0.20300 0.18911 0.16699 0.13394 0.10200 0.07499 0.05355 0.03710 0.02464 0.01466 0.00003 (1)  0.312 +-  0.229
 149 D   0.10911 0.21193 0.21845 0.17254 0.11931 0.07601 0.04567 0.02610 0.01411 0.00679 0.00000 (3)  0.315 +-  0.194
 150 F   0.84424 0.11797 0.02792 0.00720 0.00193 0.00053 0.00015 0.00004 0.00001 0.00000 0.00000 (1)  0.071 +-  0.055
 151 Y   0.63139 0.18107 0.08780 0.04601 0.02493 0.01372 0.00759 0.00417 0.00223 0.00108 0.00000 (1)  0.127 +-  0.135
 152 P   0.58487 0.18331 0.09725 0.05577 0.03307 0.01992 0.01206 0.00725 0.00425 0.00226 0.00000 (1)  0.145 +-  0.156
 153 G   0.00001 0.00286 0.02697 0.08238 0.14526 0.18495 0.18938 0.16498 0.12503 0.07817 0.00001 (7)  0.630 +-  0.183
 154 Q   0.56677 0.25504 0.10934 0.04310 0.01633 0.00605 0.00221 0.00079 0.00027 0.00009 0.00000 (1)  0.122 +-  0.106
 155 I   0.07806 0.27084 0.27929 0.18679 0.10131 0.04860 0.02148 0.00892 0.00349 0.00121 0.00000 (3)  0.277 +-  0.151
 156 K   0.72164 0.16588 0.06442 0.02708 0.01179 0.00522 0.00233 0.00103 0.00045 0.00018 0.00000 (1)  0.098 +-  0.097
 157 V   0.44831 0.26058 0.14545 0.07493 0.03721 0.01811 0.00868 0.00409 0.00187 0.00078 0.00000 (1)  0.162 +-  0.142
 158 R   0.00037 0.01696 0.07112 0.13571 0.17591 0.18078 0.15865 0.12343 0.08612 0.05094 0.00001 (6)  0.564 +-  0.197
 159 W   0.77333 0.14999 0.04910 0.01740 0.00639 0.00239 0.00090 0.00034 0.00012 0.00004 0.00000 (1)  0.085 +-  0.078
 160 F   0.80477 0.13709 0.03958 0.01244 0.00407 0.00137 0.00046 0.00016 0.00005 0.00002 0.00000 (1)  0.078 +-  0.068
 161 R   0.20939 0.29824 0.22734 0.13413 0.07000 0.03401 0.01575 0.00701 0.00298 0.00114 0.00000 (2)  0.228 +-  0.155
 162 N   0.72117 0.16605 0.06456 0.02716 0.01183 0.00524 0.00233 0.00103 0.00045 0.00018 0.00000 (1)  0.098 +-  0.097
 163 D   0.00003 0.00690 0.05317 0.13280 0.19210 0.20136 0.17050 0.12345 0.07826 0.04142 0.00000 (6)  0.567 +-  0.182
 164 Q   0.25819 0.32369 0.21702 0.11267 0.05179 0.02219 0.00907 0.00357 0.00135 0.00046 0.00000 (2)  0.201 +-  0.139
 165 E   0.89076 0.08971 0.01566 0.00305 0.00064 0.00014 0.00003 0.00001 0.00000 0.00000 0.00000 (1)  0.063 +-  0.042
 166 E   0.11682 0.32901 0.27944 0.15614 0.07172 0.02952 0.01133 0.00414 0.00144 0.00045 0.00000 (2)  0.240 +-  0.136
 167 T   0.24355 0.21026 0.17216 0.12815 0.09064 0.06195 0.04116 0.02655 0.01644 0.00914 0.00000 (1)  0.276 +-  0.213
 168 A   0.13216 0.23473 0.22366 0.16484 0.10722 0.06469 0.03702 0.02026 0.01053 0.00489 0.00000 (2)  0.292 +-  0.187
 169 G   0.53960 0.25859 0.11840 0.04995 0.02031 0.00810 0.00319 0.00124 0.00047 0.00016 0.00000 (1)  0.130 +-  0.113
 170 V   0.00119 0.02312 0.07299 0.12478 0.15779 0.16644 0.15501 0.13099 0.10092 0.06661 0.00016 (6)  0.577 +-  0.210
 171 V   0.08008 0.26984 0.27470 0.18419 0.10163 0.05028 0.02322 0.01020 0.00426 0.00160 0.00000 (3)  0.279 +-  0.155
 172 S   0.16738 0.27041 0.23202 0.15276 0.08819 0.04699 0.02365 0.01134 0.00516 0.00209 0.00000 (2)  0.256 +-  0.168
 173 T   0.77187 0.14945 0.04943 0.01794 0.00684 0.00270 0.00109 0.00044 0.00018 0.00007 0.00000 (1)  0.085 +-  0.080
 174 P   0.05642 0.13671 0.17488 0.17075 0.14542 0.11371 0.08355 0.05819 0.03819 0.02217 0.00001 (3)  0.406 +-  0.223
 175 L   0.24333 0.21008 0.17206 0.12814 0.09069 0.06204 0.04126 0.02666 0.01653 0.00920 0.00000 (1)  0.276 +-  0.213
 176 I   0.09406 0.19304 0.21006 0.17503 0.12759 0.08564 0.05416 0.03256 0.01850 0.00935 0.00000 (3)  0.336 +-  0.202
 177 R   0.56964 0.25559 0.10852 0.04208 0.01559 0.00562 0.00198 0.00068 0.00023 0.00007 0.00000 (1)  0.121 +-  0.104
 178 N   0.74588 0.15898 0.05732 0.02240 0.00908 0.00376 0.00156 0.00065 0.00026 0.00010 0.00000 (1)  0.091 +-  0.088
 179 G   0.84059 0.11932 0.02909 0.00783 0.00223 0.00066 0.00020 0.00006 0.00002 0.00001 0.00000 (1)  0.072 +-  0.057
 180 D   0.89394 0.08770 0.01485 0.00280 0.00056 0.00012 0.00003 0.00001 0.00000 0.00000 0.00000 (1)  0.063 +-  0.041
 181 W   0.45757 0.26431 0.14452 0.07197 0.03413 0.01568 0.00702 0.00306 0.00128 0.00048 0.00000 (1)  0.156 +-  0.135
 182 T   0.83100 0.12469 0.03179 0.00885 0.00257 0.00077 0.00023 0.00007 0.00002 0.00001 0.00000 (1)  0.073 +-  0.059
 183 F   0.24732 0.32037 0.22086 0.11729 0.05484 0.02377 0.00977 0.00385 0.00144 0.00049 0.00000 (2)  0.205 +-  0.141
 184 Q   0.84217 0.11885 0.02856 0.00751 0.00207 0.00059 0.00017 0.00005 0.00001 0.00000 0.00000 (1)  0.071 +-  0.056
 185 I   0.07233 0.25873 0.27573 0.19097 0.10746 0.05357 0.02464 0.01066 0.00434 0.00158 0.00000 (3)  0.285 +-  0.156
 186 L   0.47460 0.26252 0.13871 0.06738 0.03146 0.01436 0.00644 0.00284 0.00121 0.00047 0.00000 (1)  0.151 +-  0.132
 187 V   0.66576 0.22617 0.07468 0.02319 0.00708 0.00216 0.00066 0.00020 0.00006 0.00002 0.00000 (1)  0.099 +-  0.084
 188 M   0.91117 0.07583 0.01089 0.00174 0.00030 0.00005 0.00001 0.00000 0.00000 0.00000 0.00000 (1)  0.060 +-  0.036
 189 L   0.77902 0.14724 0.04735 0.01662 0.00610 0.00229 0.00088 0.00034 0.00013 0.00004 0.00000 (1)  0.084 +-  0.077
 190 E   0.78609 0.14402 0.04521 0.01560 0.00566 0.00212 0.00081 0.00031 0.00012 0.00004 0.00000 (1)  0.082 +-  0.075
 191 M   0.39886 0.34880 0.16390 0.06014 0.01971 0.00608 0.00180 0.00052 0.00015 0.00004 0.00000 (1)  0.148 +-  0.107
 192 T   0.00979 0.06584 0.12991 0.16469 0.16760 0.14917 0.12085 0.09075 0.06314 0.03826 0.00002 (5)  0.495 +-  0.216
 193 P   0.49318 0.26333 0.13362 0.06205 0.02758 0.01193 0.00506 0.00210 0.00084 0.00030 0.00000 (1)  0.144 +-  0.125
 194 Q   0.24509 0.31775 0.22039 0.11839 0.05630 0.02496 0.01056 0.00430 0.00168 0.00059 0.00000 (2)  0.208 +-  0.143
 195 R   0.00024 0.00637 0.02663 0.05989 0.09893 0.13538 0.16244 0.17554 0.17144 0.14107 0.02206 (8)  0.739 +-  0.446
 196 G   0.57616 0.18356 0.09892 0.05758 0.03463 0.02114 0.01295 0.00788 0.00467 0.00251 0.00000 (1)  0.149 +-  0.160
 197 D   0.49945 0.26198 0.13129 0.06054 0.02686 0.01166 0.00498 0.00209 0.00085 0.00031 0.00000 (1)  0.143 +-  0.125
 198 V   0.00182 0.05608 0.16133 0.21620 0.20152 0.15248 0.10083 0.06048 0.03328 0.01597 0.00000 (4)  0.453 +-  0.185
 199 Y   0.81169 0.13407 0.03750 0.01141 0.00361 0.00117 0.00038 0.00013 0.00004 0.00001 0.00000 (1)  0.077 +-  0.065
 200 T   0.00760 0.09550 0.19777 0.22263 0.18601 0.13008 0.08062 0.04554 0.02360 0.01064 0.00000 (4)  0.414 +-  0.184
 201 C   0.79837 0.14006 0.04150 0.01333 0.00445 0.00151 0.00052 0.00018 0.00006 0.00002 0.00000 (1)  0.079 +-  0.069
 202 H   0.00819 0.09948 0.20056 0.22143 0.18289 0.12746 0.07937 0.04542 0.02404 0.01115 0.00000 (4)  0.412 +-  0.185
 203 V   0.87520 0.09946 0.01964 0.00434 0.00102 0.00025 0.00007 0.00002 0.00000 0.00000 0.00000 (1)  0.066 +-  0.047
 204 E   0.38769 0.34737 0.16840 0.06419 0.02200 0.00714 0.00225 0.00069 0.00021 0.00006 0.00000 (1)  0.152 +-  0.110
 205 H   0.85770 0.11025 0.02420 0.00584 0.00148 0.00039 0.00010 0.00003 0.00001 0.00000 0.00000 (1)  0.068 +-  0.051
 206 P   0.20671 0.29757 0.22851 0.13538 0.07072 0.03429 0.01580 0.00698 0.00294 0.00111 0.00000 (2)  0.229 +-  0.155
 207 S   0.86387 0.10684 0.02247 0.00517 0.00125 0.00031 0.00008 0.00002 0.00000 0.00000 0.00000 (1)  0.067 +-  0.049
 208 L   0.55442 0.25637 0.11340 0.04629 0.01824 0.00706 0.00270 0.00102 0.00037 0.00012 0.00000 (1)  0.126 +-  0.110
 209 Q   0.06392 0.23988 0.26904 0.19657 0.11689 0.06165 0.03004 0.01377 0.00595 0.00229 0.00000 (3)  0.299 +-  0.162
 210 S   0.08634 0.28516 0.28111 0.18030 0.09401 0.04342 0.01851 0.00741 0.00280 0.00094 0.00000 (2)  0.268 +-  0.147
 211 P   0.81730 0.13137 0.03583 0.01065 0.00330 0.00105 0.00034 0.00011 0.00003 0.00001 0.00000 (1)  0.076 +-  0.064
 212 I   0.67053 0.22583 0.07290 0.02184 0.00635 0.00183 0.00052 0.00015 0.00004 0.00001 0.00000 (1)  0.098 +-  0.081
 213 T   0.00000 0.00057 0.00634 0.02578 0.06327 0.11415 0.16650 0.20619 0.22044 0.19055 0.00621 (9)  0.753 +-  0.257
 214 V   0.86567 0.10533 0.02212 0.00516 0.00128 0.00033 0.00009 0.00002 0.00001 0.00000 0.00000 (1)  0.067 +-  0.049
 215 E   0.36094 0.34624 0.17953 0.07304 0.02664 0.00917 0.00305 0.00099 0.00031 0.00009 0.00000 (1)  0.161 +-  0.116
 216 W   0.77333 0.14999 0.04910 0.01740 0.00639 0.00239 0.00090 0.00034 0.00012 0.00004 0.00000 (1)  0.085 +-  0.078
 217 R   0.02651 0.13711 0.20849 0.20414 0.16126 0.11218 0.07164 0.04282 0.02398 0.01189 0.00000 (3)  0.390 +-  0.195
 218 A   0.00117 0.02274 0.07211 0.12383 0.15727 0.16654 0.15559 0.13180 0.10169 0.06713 0.00013 (6)  0.578 +-  0.209
 219 Q   0.58432 0.25146 0.10322 0.03902 0.01422 0.00508 0.00179 0.00062 0.00021 0.00006 0.00000 (1)  0.117 +-  0.101
 220 S   0.02774 0.07982 0.12129 0.14113 0.14367 0.13462 0.11874 0.09937 0.07832 0.05431 0.00099 (5)  0.505 +-  0.253
 221 E   0.00167 0.03024 0.08956 0.14357 0.17013 0.16802 0.14639 0.11566 0.08328 0.05146 0.00002 (5)  0.548 +-  0.207
 222 S   0.02725 0.07964 0.12227 0.14301 0.14563 0.13589 0.11890 0.09836 0.07642 0.05211 0.00052 (5)  0.501 +-  0.244
 223 A   0.25321 0.32097 0.21803 0.11490 0.05371 0.02344 0.00978 0.00393 0.00152 0.00053 0.00000 (2)  0.204 +-  0.141
 224 Q   0.00042 0.01912 0.07847 0.14563 0.18287 0.18165 0.15391 0.11557 0.07784 0.04451 0.00000 (5)  0.551 +-  0.195
 225 S   0.01080 0.12055 0.22459 0.22972 0.17598 0.11374 0.06563 0.03474 0.01698 0.00727 0.00000 (4)  0.387 +-  0.177
 226 K   0.10959 0.30735 0.27705 0.16559 0.08143 0.03583 0.01468 0.00570 0.00210 0.00069 0.00000 (2)  0.251 +-  0.143
 227 M   0.38400 0.34813 0.17006 0.06507 0.02231 0.00722 0.00226 0.00069 0.00020 0.00006 0.00000 (1)  0.153 +-  0.111
 228 L   0.00016 0.00977 0.05017 0.11084 0.16090 0.18129 0.17193 0.14308 0.10593 0.06592 0.00002 (6)  0.597 +-  0.194
 229 S   0.08177 0.17502 0.19919 0.17413 0.13359 0.09467 0.06341 0.04050 0.02451 0.01322 0.00000 (3)  0.358 +-  0.211
 230 G   0.13676 0.24428 0.22952 0.16456 0.10319 0.05969 0.03266 0.01707 0.00849 0.00378 0.00000 (2)  0.283 +-  0.180
 231 V   0.00000 0.00000 0.00004 0.00052 0.00314 0.01153 0.03048 0.06317 0.10698 0.14267 0.64148 (11)  2.566 +-  1.320
 232 G   0.14280 0.23930 0.21888 0.15779 0.10231 0.06271 0.03711 0.02134 0.01183 0.00594 0.00000 (2)  0.289 +-  0.191
 233 G   0.22630 0.30819 0.22464 0.12674 0.06323 0.02936 0.01298 0.00551 0.00223 0.00081 0.00000 (2)  0.218 +-  0.149
 234 F   0.00076 0.02986 0.10756 0.17677 0.19796 0.17634 0.13457 0.09133 0.05579 0.02907 0.00000 (5)  0.510 +-  0.192
 235 V   0.09161 0.28942 0.27727 0.17558 0.09178 0.04313 0.01896 0.00794 0.00316 0.00114 0.00000 (2)  0.266 +-  0.149
 236 L   0.78911 0.14324 0.04431 0.01499 0.00531 0.00193 0.00072 0.00027 0.00010 0.00003 0.00000 (1)  0.081 +-  0.073
 237 G   0.05265 0.21749 0.26288 0.20421 0.12799 0.07076 0.03600 0.01720 0.00773 0.00309 0.00000 (3)  0.315 +-  0.167
 238 L   0.01272 0.08780 0.16558 0.19286 0.17629 0.13910 0.09918 0.06533 0.03986 0.02127 0.00000 (4)  0.446 +-  0.204
 239 I   0.64394 0.23593 0.08214 0.02633 0.00814 0.00247 0.00074 0.00022 0.00006 0.00002 0.00000 (1)  0.103 +-  0.087
 240 F   0.82431 0.12816 0.03373 0.00966 0.00288 0.00088 0.00027 0.00008 0.00003 0.00001 0.00000 (1)  0.074 +-  0.061
 241 L   0.36710 0.24747 0.16121 0.09737 0.05692 0.03270 0.01854 0.01034 0.00560 0.00275 0.00000 (1)  0.201 +-  0.173
 242 G   0.83048 0.12478 0.03196 0.00897 0.00264 0.00080 0.00025 0.00008 0.00002 0.00001 0.00000 (1)  0.073 +-  0.060
 243 L   0.40892 0.25859 0.15584 0.08603 0.04549 0.02344 0.01183 0.00585 0.00280 0.00121 0.00000 (1)  0.177 +-  0.153
 244 G   0.80285 0.13760 0.04017 0.01283 0.00429 0.00148 0.00052 0.00018 0.00006 0.00002 0.00000 (1)  0.079 +-  0.069
 245 L   0.05123 0.12705 0.16659 0.16704 0.14635 0.11793 0.08943 0.06437 0.04371 0.02627 0.00003 (4)  0.421 +-  0.227
 246 I   0.00006 0.00745 0.04624 0.11028 0.16489 0.18675 0.17544 0.14322 0.10332 0.06235 0.00001 (6)  0.597 +-  0.190
 247 I   0.00177 0.05624 0.16471 0.22196 0.20550 0.15263 0.09795 0.05640 0.02950 0.01333 0.00000 (4)  0.448 +-  0.181
 248 R   0.00000 0.00001 0.00030 0.00213 0.00821 0.02200 0.04597 0.07955 0.11700 0.13940 0.58544 (11)  2.403 +-  1.364
 249 Q   0.00001 0.00189 0.01974 0.06608 0.12687 0.17476 0.19241 0.17913 0.14415 0.09494 0.00002 (7)  0.654 +-  0.181
 250 R   0.00001 0.00399 0.03538 0.10099 0.16581 0.19586 0.18545 0.14895 0.10383 0.05971 0.00000 (6)  0.604 +-  0.182
 251 S   0.00000 0.00028 0.00437 0.02115 0.05760 0.11071 0.16762 0.21162 0.22763 0.19586 0.00317 (9)  0.752 +-  0.210
 252 Q   0.00591 0.07902 0.17440 0.20982 0.18798 0.14145 0.09468 0.05798 0.03269 0.01607 0.00000 (4)  0.440 +-  0.192
 253 K   0.05755 0.15092 0.19440 0.18346 0.14729 0.10684 0.07207 0.04578 0.02729 0.01438 0.00000 (3)  0.381 +-  0.209
 254 G   0.00002 0.00134 0.00938 0.02959 0.06264 0.10410 0.14630 0.18046 0.19719 0.17827 0.09071 (9)  0.978 +-  0.803
 255 -   0.00000 0.00000 0.00000 0.00000 0.00000 0.00000 0.00000 0.00000 0.00000 0.00000 0.99999 (11)  3.632 +-  0.471
 256 -   0.00000 0.00000 0.00000 0.00000 0.00000 0.00000 0.00001 0.00004 0.00010 0.00018 0.99965 (11)  3.631 +-  0.474
 257 -   0.00000 0.00000 0.00000 0.00000 0.00000 0.00000 0.00000 0.00000 0.00000 0.00000 1.00000 (11)  3.632 +-  0.471
 258 -   0.00000 0.00000 0.00000 0.00000 0.00000 0.00000 0.00001 0.00002 0.00005 0.00009 0.99984 (11)  3.632 +-  0.472
 259 -   0.00011 0.00672 0.03547 0.08354 0.13223 0.16494 0.17512 0.16453 0.13839 0.09798 0.00098 (7)  0.640 +-  0.211
 260 L   0.00000 0.00000 0.00001 0.00015 0.00090 0.00352 0.01013 0.02299 0.04281 0.06354 0.85595 (11)  3.193 +-  1.031
 261 L   0.00000 0.00035 0.00402 0.01719 0.04504 0.08761 0.13874 0.18747 0.21953 0.20844 0.09159 (9)  1.005 +-  0.792
