   1 M   0.01184 0.14108 0.26274 0.25067 0.17018 0.09343 0.04397 0.01811 0.00640 0.00158 0.00000 (3)  0.352 +-  0.154
   2 S   0.00020 0.00478 0.01972 0.04390 0.07152 0.09572 0.11066 0.11223 0.09732 0.05811 0.38585 (11)  1.364 +-  0.912
   3 W   0.00589 0.07679 0.17441 0.21495 0.19505 0.14624 0.09529 0.05482 0.02716 0.00938 0.00003 (4)  0.434 +-  0.184
   4 K   0.00000 0.00059 0.01230 0.05877 0.13552 0.20112 0.21992 0.18874 0.12748 0.05524 0.00033 (7)  0.641 +-  0.167
   5 K   0.00003 0.00791 0.06040 0.14902 0.21059 0.21216 0.16866 0.11060 0.05936 0.02125 0.00003 (6)  0.543 +-  0.172
   6 A   0.25641 0.20889 0.17150 0.12821 0.09063 0.06129 0.03963 0.02418 0.01334 0.00533 0.00058 (1)  0.268 +-  0.212
   7 L   0.48541 0.25623 0.13672 0.06686 0.03113 0.01396 0.00603 0.00247 0.00092 0.00025 0.00000 (1)  0.149 +-  0.130
   8 R   0.00000 0.00000 0.00000 0.00001 0.00007 0.00046 0.00182 0.00496 0.00972 0.01180 0.97116 (11)  2.453 +-  0.276
   9 I   0.00002 0.00625 0.05085 0.13338 0.19988 0.21296 0.17852 0.12307 0.06920 0.02583 0.00004 (6)  0.559 +-  0.173
  10 P   0.80071 0.13624 0.04180 0.01394 0.00480 0.00167 0.00058 0.00019 0.00006 0.00001 0.00000 (1)  0.079 +-  0.070
  11 G   0.00381 0.02973 0.07209 0.11225 0.13928 0.14927 0.14284 0.12271 0.09163 0.04757 0.08880 (6)  0.737 +-  0.586
  12 D   0.26330 0.31814 0.21691 0.11399 0.05243 0.02210 0.00868 0.00317 0.00104 0.00024 0.00000 (2)  0.200 +-  0.138
  13 L   0.00097 0.01855 0.06191 0.11224 0.15000 0.16575 0.15921 0.13492 0.09820 0.04923 0.04903 (6)  0.674 +-  0.458
  14 R   0.00437 0.06176 0.15180 0.20181 0.19686 0.15810 0.10994 0.06723 0.03526 0.01282 0.00005 (4)  0.458 +-  0.188
  15 V   0.00000 0.00008 0.00086 0.00365 0.00957 0.01867 0.02948 0.03903 0.04288 0.03222 0.82357 (11)  2.191 +-  0.672
  16 A   0.28911 0.22164 0.17147 0.12102 0.08091 0.05185 0.03183 0.01848 0.00972 0.00371 0.00025 (1)  0.245 +-  0.198
  17 T   0.00599 0.04303 0.09634 0.13874 0.15943 0.15848 0.14085 0.11256 0.07831 0.03798 0.02827 (5)  0.588 +-  0.386
  18 V   0.29224 0.32770 0.20777 0.10181 0.04377 0.01730 0.00639 0.00220 0.00068 0.00015 0.00000 (2)  0.187 +-  0.131
  19 T   0.07050 0.25018 0.27660 0.19671 0.11189 0.05528 0.02456 0.00989 0.00350 0.00089 0.00000 (3)  0.287 +-  0.153
  20 L   0.21723 0.29516 0.22668 0.13432 0.06972 0.03320 0.01475 0.00609 0.00226 0.00060 0.00000 (2)  0.225 +-  0.152
  21 M   0.00002 0.00395 0.03189 0.09237 0.15920 0.19874 0.19695 0.16111 0.10754 0.04739 0.00083 (6)  0.609 +-  0.185
  22 L   0.16355 0.25825 0.22995 0.15747 0.09414 0.05146 0.02615 0.01231 0.00518 0.00157 0.00000 (2)  0.262 +-  0.170
  23 A   0.00001 0.00426 0.03829 0.11031 0.18078 0.20991 0.19125 0.14297 0.08700 0.03501 0.00020 (6)  0.585 +-  0.176
  24 M   0.00005 0.01120 0.07771 0.17456 0.22519 0.20768 0.15157 0.09153 0.04541 0.01510 0.00001 (5)  0.518 +-  0.169
  25 L   0.11417 0.21837 0.22752 0.17775 0.11892 0.07164 0.03962 0.02009 0.00902 0.00289 0.00001 (3)  0.302 +-  0.182
  26 S   0.03330 0.17176 0.25089 0.22339 0.15360 0.08944 0.04592 0.02102 0.00834 0.00233 0.00000 (3)  0.342 +-  0.167
  27 S   0.00008 0.00912 0.05545 0.12910 0.18665 0.20140 0.17644 0.12989 0.07919 0.03237 0.00031 (6)  0.566 +-  0.184
  28 L   0.03503 0.09181 0.13505 0.15212 0.14891 0.13266 0.10931 0.08299 0.05590 0.02673 0.02948 (4)  0.522 +-  0.410
  29 L   0.00015 0.01557 0.08467 0.17276 0.21613 0.20022 0.14995 0.09421 0.04907 0.01724 0.00003 (5)  0.518 +-  0.175
  30 A   0.00081 0.01631 0.05674 0.10672 0.14720 0.16706 0.16401 0.14140 0.10422 0.05263 0.04290 (6)  0.671 +-  0.433
  31 E   0.00376 0.09411 0.22967 0.25732 0.19634 0.11852 0.06056 0.02687 0.01017 0.00268 0.00000 (4)  0.386 +-  0.158
  32 G   0.26388 0.31852 0.21683 0.11372 0.05217 0.02193 0.00858 0.00312 0.00102 0.00024 0.00000 (2)  0.200 +-  0.138
  33 R   0.00000 0.00018 0.00188 0.00768 0.01933 0.03616 0.05467 0.06920 0.07246 0.05135 0.68710 (11)  1.947 +-  0.824
  34 D   0.64421 0.23302 0.08371 0.02726 0.00839 0.00247 0.00070 0.00019 0.00005 0.00001 0.00000 (1)  0.103 +-  0.087
  35 S   0.00069 0.01423 0.05105 0.09884 0.14016 0.16332 0.16442 0.14517 0.10944 0.05643 0.05625 (7)  0.705 +-  0.478
  36 P   0.36109 0.24349 0.16548 0.10257 0.06021 0.03387 0.01825 0.00930 0.00429 0.00144 0.00001 (1)  0.201 +-  0.169
  37 E   0.00000 0.00001 0.00097 0.01022 0.04374 0.10893 0.18686 0.23968 0.23290 0.13963 0.03706 (8)  0.808 +-  0.361
  38 D   0.43076 0.25447 0.15160 0.08250 0.04259 0.02111 0.01004 0.00453 0.00185 0.00055 0.00000 (1)  0.169 +-  0.146
  39 F   0.00988 0.11174 0.22010 0.23502 0.18454 0.11958 0.06726 0.03337 0.01425 0.00425 0.00000 (4)  0.388 +-  0.171
  40 V   0.34170 0.33809 0.18965 0.08251 0.03162 0.01118 0.00371 0.00115 0.00032 0.00007 0.00000 (1)  0.168 +-  0.120
  41 F   0.00000 0.00000 0.00000 0.00000 0.00000 0.00000 0.00002 0.00008 0.00024 0.00044 0.99923 (11)  2.499 +-  0.045
  42 Q   0.59598 0.24427 0.10089 0.03814 0.01371 0.00475 0.00158 0.00050 0.00014 0.00003 0.00000 (1)  0.115 +-  0.100
  43 F   0.00752 0.05174 0.11097 0.15294 0.16807 0.15963 0.13547 0.10330 0.06854 0.03173 0.01009 (5)  0.532 +-  0.288
  44 K   0.24399 0.32859 0.22919 0.11728 0.05089 0.01982 0.00708 0.00233 0.00068 0.00014 0.00000 (2)  0.201 +-  0.133
  45 G   0.00000 0.00000 0.00002 0.00042 0.00297 0.01162 0.03020 0.05730 0.08127 0.07210 0.74409 (11)  2.068 +-  0.739
  46 M   0.00000 0.00000 0.00001 0.00022 0.00195 0.00893 0.02618 0.05438 0.08256 0.07701 0.74878 (11)  2.079 +-  0.729
  47 C   0.78654 0.14192 0.04609 0.01623 0.00589 0.00216 0.00078 0.00027 0.00009 0.00002 0.00000 (1)  0.082 +-  0.075
  48 Y   0.81915 0.12837 0.03623 0.01111 0.00351 0.00112 0.00036 0.00011 0.00003 0.00001 0.00000 (1)  0.076 +-  0.064
  49 F   0.84394 0.11635 0.02890 0.00780 0.00217 0.00061 0.00017 0.00005 0.00001 0.00000 0.00000 (1)  0.071 +-  0.056
  50 T   0.04578 0.19228 0.25179 0.21181 0.14214 0.08254 0.04291 0.02011 0.00824 0.00239 0.00000 (3)  0.330 +-  0.169
  51 N   0.65650 0.22749 0.07953 0.02550 0.00780 0.00230 0.00065 0.00018 0.00004 0.00001 0.00000 (1)  0.101 +-  0.086
  52 G   0.65763 0.22694 0.07913 0.02536 0.00776 0.00229 0.00066 0.00018 0.00004 0.00001 0.00000 (1)  0.101 +-  0.085
  53 T   0.85309 0.11142 0.02628 0.00675 0.00180 0.00048 0.00013 0.00003 0.00001 0.00000 0.00000 (1)  0.069 +-  0.054
  54 E   0.00364 0.09206 0.22699 0.25674 0.19760 0.12021 0.06185 0.02762 0.01051 0.00278 0.00000 (4)  0.388 +-  0.159
  55 R   0.04959 0.20061 0.25478 0.20913 0.13768 0.07880 0.04056 0.01889 0.00772 0.00224 0.00000 (3)  0.324 +-  0.168
  56 V   0.87959 0.09598 0.01905 0.00415 0.00094 0.00022 0.00005 0.00001 0.00000 0.00000 0.00000 (1)  0.065 +-  0.046
  57 R   0.17130 0.26443 0.23024 0.15426 0.09028 0.04834 0.02408 0.01112 0.00459 0.00137 0.00000 (2)  0.256 +-  0.167
  58 L   0.00000 0.00000 0.00000 0.00000 0.00000 0.00000 0.00000 0.00000 0.00000 0.00000 1.00000 (11)  2.500 +-  0.003
  59 V   0.87774 0.09711 0.01954 0.00432 0.00099 0.00023 0.00006 0.00001 0.00000 0.00000 0.00000 (1)  0.065 +-  0.046
  60 T   0.00001 0.00302 0.02923 0.09096 0.16122 0.20256 0.19963 0.16126 0.10583 0.04573 0.00057 (6)  0.609 +-  0.180
  61 R   0.04792 0.11670 0.15955 0.16699 0.15185 0.12564 0.09613 0.06776 0.04239 0.01886 0.00620 (4)  0.438 +-  0.274
  62 Y   0.00000 0.00014 0.00387 0.02451 0.07451 0.14481 0.20593 0.22818 0.19732 0.10789 0.01283 (8)  0.730 +-  0.254
  63 I   0.00236 0.06781 0.18930 0.24178 0.20954 0.14314 0.08247 0.04110 0.01740 0.00509 0.00000 (4)  0.419 +-  0.167
  64 Y   0.76883 0.14812 0.05142 0.01938 0.00753 0.00295 0.00115 0.00043 0.00015 0.00004 0.00000 (1)  0.087 +-  0.081
  65 N   0.87899 0.09649 0.01916 0.00415 0.00093 0.00021 0.00005 0.00001 0.00000 0.00000 0.00000 (1)  0.065 +-  0.046
  66 R   0.00000 0.00060 0.00782 0.03265 0.07773 0.13119 0.17369 0.18844 0.16594 0.09568 0.12625 (8)  0.922 +-  0.620
  67 E   0.89210 0.08814 0.01583 0.00312 0.00064 0.00013 0.00003 0.00001 0.00000 0.00000 0.00000 (1)  0.063 +-  0.042
  68 E   0.89473 0.08643 0.01517 0.00292 0.00059 0.00012 0.00002 0.00000 0.00000 0.00000 0.00000 (1)  0.063 +-  0.041
  69 Y   0.00000 0.00000 0.00000 0.00000 0.00000 0.00001 0.00003 0.00014 0.00039 0.00067 0.99876 (11)  2.498 +-  0.057
  70 A   0.00000 0.00000 0.00000 0.00002 0.00026 0.00174 0.00674 0.01753 0.03208 0.03552 0.90611 (11)  2.345 +-  0.483
  71 R   0.00762 0.09267 0.19654 0.22614 0.19150 0.13393 0.08136 0.04362 0.02013 0.00649 0.00001 (4)  0.411 +-  0.178
  72 F   0.05575 0.21632 0.26313 0.20653 0.12981 0.07082 0.03469 0.01535 0.00596 0.00164 0.00000 (3)  0.311 +-  0.163
  73 D   0.69686 0.21238 0.06543 0.01855 0.00503 0.00132 0.00033 0.00008 0.00002 0.00000 0.00000 (1)  0.093 +-  0.077
  74 S   0.86545 0.10457 0.02280 0.00541 0.00133 0.00033 0.00008 0.00002 0.00000 0.00000 0.00000 (1)  0.067 +-  0.050
  75 D   0.11516 0.32087 0.28213 0.16132 0.07446 0.03008 0.01101 0.00367 0.00108 0.00023 0.00000 (2)  0.242 +-  0.135
  76 V   0.00002 0.00474 0.04074 0.11349 0.18167 0.20793 0.18827 0.14093 0.08646 0.03531 0.00043 (6)  0.583 +-  0.180
  77 G   0.00969 0.11235 0.22341 0.23807 0.18502 0.11796 0.06502 0.03152 0.01314 0.00382 0.00000 (4)  0.385 +-  0.169
  78 V   0.00050 0.03730 0.15048 0.23434 0.22850 0.16777 0.10096 0.05157 0.02209 0.00647 0.00000 (4)  0.450 +-  0.165
  79 Y   0.00078 0.02959 0.10891 0.18248 0.20647 0.18323 0.13642 0.08739 0.04723 0.01744 0.00006 (5)  0.500 +-  0.184
  80 R   0.04546 0.18973 0.24861 0.21054 0.14300 0.08445 0.04485 0.02155 0.00909 0.00273 0.00000 (3)  0.333 +-  0.172
  81 A   0.08289 0.27152 0.27994 0.18708 0.10057 0.04716 0.01995 0.00766 0.00259 0.00063 0.00000 (3)  0.273 +-  0.148
  82 V   0.01663 0.15770 0.26257 0.23884 0.16103 0.09031 0.04431 0.01933 0.00732 0.00196 0.00000 (3)  0.347 +-  0.159
  83 T   0.84721 0.11459 0.02796 0.00743 0.00204 0.00057 0.00016 0.00004 0.00001 0.00000 0.00000 (1)  0.071 +-  0.055
  84 P   0.00117 0.04040 0.13514 0.20614 0.21265 0.17233 0.11737 0.06891 0.03421 0.01166 0.00001 (5)  0.471 +-  0.179
  85 Q   0.03372 0.15559 0.22537 0.21095 0.15835 0.10333 0.06061 0.03216 0.01497 0.00494 0.00001 (3)  0.364 +-  0.182
  86 G   0.87444 0.09920 0.02038 0.00458 0.00107 0.00025 0.00006 0.00001 0.00000 0.00000 0.00000 (1)  0.066 +-  0.047
  87 R   0.00001 0.00276 0.02722 0.08625 0.15583 0.19973 0.20095 0.16585 0.11127 0.04916 0.00098 (7)  0.616 +-  0.184
  88 P   0.00001 0.00205 0.01864 0.06138 0.12113 0.17390 0.19880 0.18803 0.14528 0.07390 0.01687 (7)  0.683 +-  0.294
  89 D   0.00000 0.00000 0.00000 0.00000 0.00000 0.00000 0.00001 0.00003 0.00010 0.00021 0.99966 (11)  2.499 +-  0.030
  90 A   0.59317 0.24485 0.10187 0.03880 0.01405 0.00490 0.00164 0.00052 0.00015 0.00003 0.00000 (1)  0.116 +-  0.100
  91 E   0.12313 0.33088 0.28082 0.15513 0.06923 0.02706 0.00958 0.00309 0.00088 0.00018 0.00000 (2)  0.236 +-  0.132
  92 Y   0.00617 0.07975 0.17934 0.21838 0.19530 0.14395 0.09197 0.05174 0.02500 0.00840 0.00001 (4)  0.428 +-  0.182
  93 W   0.00000 0.00000 0.00009 0.00134 0.00786 0.02654 0.06130 0.10522 0.13636 0.11016 0.55113 (11)  1.736 +-  0.851
  94 N   0.87899 0.09649 0.01916 0.00415 0.00093 0.00021 0.00005 0.00001 0.00000 0.00000 0.00000 (1)  0.065 +-  0.046
  95 S   0.00178 0.05551 0.16749 0.23022 0.21384 0.15592 0.09549 0.05038 0.02247 0.00689 0.00000 (4)  0.438 +-  0.171
  96 Q   0.59448 0.24457 0.10141 0.03850 0.01390 0.00483 0.00162 0.00051 0.00015 0.00003 0.00000 (1)  0.116 +-  0.100
  97 K   0.33976 0.33897 0.19079 0.08287 0.03155 0.01102 0.00360 0.00109 0.00030 0.00006 0.00000 (1)  0.168 +-  0.120
  98 E   0.02317 0.19557 0.28967 0.23424 0.14032 0.06989 0.03045 0.01179 0.00396 0.00094 0.00000 (3)  0.319 +-  0.148
  99 V   0.00000 0.00000 0.00000 0.00000 0.00000 0.00002 0.00012 0.00045 0.00119 0.00187 0.99635 (11)  2.494 +-  0.098
 100 L   0.04070 0.17643 0.24016 0.21136 0.14923 0.09164 0.05061 0.02530 0.01110 0.00346 0.00000 (3)  0.345 +-  0.176
 101 E   0.71211 0.20577 0.06025 0.01627 0.00421 0.00106 0.00026 0.00006 0.00001 0.00000 0.00000 (1)  0.090 +-  0.074
 102 G   0.00000 0.00000 0.00000 0.00007 0.00077 0.00398 0.01291 0.02925 0.04805 0.04863 0.85633 (11)  2.261 +-  0.586
 103 T   0.00000 0.00000 0.00000 0.00002 0.00027 0.00165 0.00624 0.01612 0.02971 0.03346 0.91252 (11)  2.356 +-  0.468
 104 R   0.82760 0.12430 0.03372 0.00997 0.00305 0.00094 0.00029 0.00009 0.00002 0.00000 0.00000 (1)  0.074 +-  0.062
 105 A   0.62769 0.23632 0.08972 0.03122 0.01034 0.00330 0.00102 0.00030 0.00008 0.00002 0.00000 (1)  0.108 +-  0.092
 106 E   0.00032 0.02680 0.12106 0.21012 0.22720 0.18401 0.12147 0.06769 0.03142 0.00991 0.00000 (5)  0.477 +-  0.170
 107 L   0.00000 0.00000 0.00000 0.00002 0.00026 0.00142 0.00489 0.01180 0.02070 0.02258 0.93833 (11)  2.398 +-  0.400
 108 D   0.34480 0.33989 0.18885 0.08093 0.03038 0.01046 0.00337 0.00101 0.00027 0.00005 0.00000 (1)  0.166 +-  0.119
 109 T   0.20055 0.28588 0.22978 0.14196 0.07646 0.03758 0.01713 0.00722 0.00271 0.00073 0.00000 (2)  0.235 +-  0.156
 110 V   0.06602 0.24122 0.27396 0.19993 0.11665 0.05910 0.02693 0.01112 0.00404 0.00105 0.00000 (3)  0.293 +-  0.156
 111 C   0.18766 0.27787 0.23126 0.14759 0.08199 0.04152 0.01949 0.00845 0.00326 0.00091 0.00000 (2)  0.243 +-  0.160
 112 R   0.00000 0.00000 0.00003 0.00023 0.00100 0.00285 0.00616 0.01061 0.01460 0.01347 0.95105 (11)  2.417 +-  0.367
 113 H   0.01157 0.12455 0.23381 0.23813 0.17853 0.11059 0.05955 0.02832 0.01162 0.00334 0.00000 (4)  0.375 +-  0.167
 114 N   0.65444 0.22822 0.08025 0.02587 0.00795 0.00235 0.00067 0.00018 0.00005 0.00001 0.00000 (1)  0.102 +-  0.086
 115 Y   0.16664 0.26275 0.23219 0.15684 0.09192 0.04896 0.02410 0.01093 0.00440 0.00127 0.00000 (2)  0.258 +-  0.166
 116 E   0.00001 0.00388 0.03539 0.10385 0.17404 0.20723 0.19399 0.14919 0.09344 0.03868 0.00029 (6)  0.593 +-  0.177
 117 V   0.00000 0.00000 0.00000 0.00000 0.00000 0.00000 0.00000 0.00000 0.00000 0.00000 1.00000 (11)  2.500 +-  0.003
 118 A   0.00000 0.00112 0.01622 0.06425 0.13456 0.19185 0.20963 0.18518 0.13180 0.06135 0.00405 (7)  0.648 +-  0.206
 119 F   0.00000 0.00000 0.00000 0.00000 0.00000 0.00000 0.00000 0.00000 0.00001 0.00002 0.99997 (11)  2.500 +-  0.009
 120 R   0.00000 0.00000 0.00000 0.00000 0.00000 0.00002 0.00011 0.00042 0.00106 0.00162 0.99676 (11)  2.495 +-  0.092
 121 G   0.00000 0.00000 0.00000 0.00001 0.00015 0.00085 0.00312 0.00795 0.01467 0.01681 0.95644 (11)  2.428 +-  0.338
 122 I   0.00000 0.00002 0.00091 0.00862 0.03595 0.09094 0.16246 0.22038 0.22873 0.14746 0.10454 (9)  0.936 +-  0.551
 123 L   0.00202 0.03324 0.09604 0.15177 0.17782 0.17313 0.14712 0.11065 0.07167 0.03212 0.00441 (5)  0.539 +-  0.238
 124 Q   0.22685 0.30173 0.22595 0.13006 0.06532 0.02999 0.01279 0.00506 0.00179 0.00045 0.00000 (2)  0.219 +-  0.148
 125 R   0.00611 0.07897 0.17774 0.21698 0.19490 0.14455 0.09311 0.05291 0.02588 0.00882 0.00002 (4)  0.430 +-  0.183
 126 R   0.00003 0.00091 0.00420 0.01052 0.01925 0.02895 0.03764 0.04299 0.04217 0.02904 0.78429 (11)  2.110 +-  0.748
 127 V   0.35030 0.33922 0.18628 0.07937 0.02979 0.01032 0.00336 0.00102 0.00028 0.00006 0.00000 (1)  0.165 +-  0.118
 128 E   0.00118 0.04036 0.13404 0.20395 0.21085 0.17204 0.11852 0.07070 0.03582 0.01250 0.00003 (5)  0.473 +-  0.180
 129 P   0.70068 0.16604 0.07093 0.03288 0.01571 0.00756 0.00361 0.00166 0.00071 0.00022 0.00000 (1)  0.105 +-  0.108
 130 T   0.60253 0.17699 0.09376 0.05382 0.03180 0.01891 0.01112 0.00632 0.00331 0.00127 0.00016 (1)  0.140 +-  0.153
 131 V   0.67323 0.22109 0.07369 0.02267 0.00669 0.00192 0.00053 0.00014 0.00003 0.00001 0.00000 (1)  0.098 +-  0.082
 132 T   0.83689 0.11988 0.03097 0.00870 0.00253 0.00074 0.00022 0.00006 0.00002 0.00000 0.00000 (1)  0.072 +-  0.059
 133 I   0.09935 0.29896 0.28318 0.17394 0.08598 0.03709 0.01444 0.00511 0.00159 0.00036 0.00000 (2)  0.255 +-  0.141
 134 S   0.48588 0.25732 0.13706 0.06658 0.03063 0.01350 0.00570 0.00228 0.00082 0.00022 0.00000 (1)  0.148 +-  0.129
 135 P   0.00063 0.01310 0.04745 0.09289 0.13333 0.15740 0.16069 0.14402 0.11032 0.05786 0.08231 (7)  0.760 +-  0.554
 136 S   0.16904 0.26310 0.23065 0.15535 0.09125 0.04896 0.02439 0.01125 0.00463 0.00137 0.00000 (2)  0.257 +-  0.167
 137 R   0.00022 0.02018 0.09910 0.18699 0.21984 0.19360 0.13895 0.08416 0.04244 0.01449 0.00001 (5)  0.502 +-  0.175
 138 T   0.00337 0.02663 0.06553 0.10359 0.13057 0.14223 0.13841 0.12101 0.09202 0.04871 0.12794 (6)  0.819 +-  0.673
 139 E   0.89473 0.08643 0.01517 0.00292 0.00059 0.00012 0.00002 0.00000 0.00000 0.00000 0.00000 (1)  0.063 +-  0.041
 140 A   0.18922 0.27798 0.23024 0.14670 0.08163 0.04156 0.01968 0.00864 0.00339 0.00096 0.00000 (2)  0.243 +-  0.161
 141 L   0.68365 0.16919 0.07546 0.03648 0.01816 0.00911 0.00452 0.00217 0.00096 0.00031 0.00000 (1)  0.110 +-  0.115
 142 N   0.63092 0.23533 0.08858 0.03058 0.01006 0.00319 0.00098 0.00028 0.00008 0.00001 0.00000 (1)  0.107 +-  0.091
 143 H   0.86255 0.10618 0.02361 0.00573 0.00144 0.00037 0.00009 0.00002 0.00001 0.00000 0.00000 (1)  0.068 +-  0.051
 144 H   0.86139 0.10683 0.02394 0.00585 0.00148 0.00038 0.00010 0.00002 0.00001 0.00000 0.00000 (1)  0.068 +-  0.051
 145 N   0.87899 0.09649 0.01916 0.00415 0.00093 0.00021 0.00005 0.00001 0.00000 0.00000 0.00000 (1)  0.065 +-  0.046
 146 L   0.23309 0.30319 0.22337 0.12728 0.06370 0.02933 0.01264 0.00508 0.00183 0.00048 0.00000 (2)  0.216 +-  0.148
 147 L   0.80482 0.13443 0.04056 0.01332 0.00453 0.00156 0.00053 0.00018 0.00005 0.00001 0.00000 (1)  0.079 +-  0.069
 148 V   0.85858 0.10828 0.02476 0.00620 0.00161 0.00043 0.00011 0.00003 0.00001 0.00000 0.00000 (1)  0.069 +-  0.052
 149 C   0.81306 0.13114 0.03806 0.01199 0.00389 0.00127 0.00041 0.00013 0.00004 0.00001 0.00000 (1)  0.077 +-  0.066
 150 S   0.48300 0.25719 0.13784 0.06742 0.03125 0.01389 0.00592 0.00239 0.00087 0.00023 0.00000 (1)  0.149 +-  0.130
 151 V   0.87959 0.09598 0.01905 0.00415 0.00094 0.00022 0.00005 0.00001 0.00000 0.00000 0.00000 (1)  0.065 +-  0.046
 152 T   0.65525 0.17278 0.08230 0.04257 0.02273 0.01224 0.00654 0.00338 0.00161 0.00057 0.00003 (1)  0.120 +-  0.128
 153 D   0.73253 0.15901 0.06212 0.02630 0.01146 0.00503 0.00218 0.00092 0.00035 0.00010 0.00000 (1)  0.096 +-  0.095
 154 F   0.84503 0.11579 0.02858 0.00766 0.00212 0.00059 0.00016 0.00004 0.00001 0.00000 0.00000 (1)  0.071 +-  0.056
 155 Y   0.62002 0.17631 0.09035 0.05015 0.02864 0.01645 0.00934 0.00513 0.00259 0.00096 0.00007 (1)  0.133 +-  0.143
 156 P   0.56497 0.17734 0.10037 0.06149 0.03875 0.02455 0.01537 0.00929 0.00516 0.00210 0.00061 (1)  0.157 +-  0.176
 157 G   0.01121 0.12126 0.22943 0.23630 0.17971 0.11324 0.06218 0.03023 0.01270 0.00374 0.00000 (4)  0.379 +-  0.169
 158 Q   0.24755 0.31170 0.22121 0.12085 0.05770 0.02522 0.01026 0.00387 0.00131 0.00032 0.00000 (2)  0.208 +-  0.142
 159 I   0.06155 0.23557 0.27567 0.20441 0.11975 0.06029 0.02705 0.01091 0.00384 0.00096 0.00000 (3)  0.296 +-  0.155
 160 K   0.42762 0.25382 0.15215 0.08342 0.04345 0.02175 0.01046 0.00477 0.00197 0.00059 0.00000 (1)  0.171 +-  0.148
 161 V   0.81976 0.12780 0.03608 0.01112 0.00356 0.00116 0.00037 0.00012 0.00003 0.00001 0.00000 (1)  0.076 +-  0.064
 162 R   0.02585 0.13931 0.22125 0.21823 0.16797 0.11021 0.06405 0.03329 0.01504 0.00479 0.00000 (3)  0.374 +-  0.180
 163 W   0.78815 0.14133 0.04560 0.01596 0.00575 0.00209 0.00075 0.00026 0.00008 0.00002 0.00000 (1)  0.082 +-  0.075
 164 F   0.46779 0.25699 0.14215 0.07176 0.03434 0.01576 0.00694 0.00289 0.00109 0.00030 0.00000 (1)  0.155 +-  0.134
 165 R   0.22018 0.29762 0.22681 0.13304 0.06818 0.03198 0.01396 0.00565 0.00205 0.00053 0.00000 (2)  0.223 +-  0.150
 166 N   0.73136 0.15923 0.06244 0.02655 0.01163 0.00513 0.00224 0.00095 0.00037 0.00011 0.00000 (1)  0.096 +-  0.095
 167 D   0.02020 0.17933 0.27923 0.23727 0.14929 0.07807 0.03570 0.01451 0.00512 0.00127 0.00000 (3)  0.331 +-  0.153
 168 Q   0.00135 0.04500 0.14533 0.21414 0.21353 0.16737 0.11034 0.06274 0.03019 0.00999 0.00001 (4)  0.460 +-  0.177
 169 E   0.89062 0.08910 0.01620 0.00323 0.00067 0.00014 0.00003 0.00001 0.00000 0.00000 0.00000 (1)  0.063 +-  0.043
 170 E   0.38513 0.34223 0.17218 0.06715 0.02305 0.00730 0.00217 0.00060 0.00015 0.00003 0.00000 (1)  0.154 +-  0.111
 171 T   0.18921 0.17421 0.16162 0.13646 0.10886 0.08303 0.06050 0.04157 0.02579 0.01155 0.00720 (1)  0.340 +-  0.293
 172 A   0.00842 0.09938 0.20475 0.22915 0.18900 0.12890 0.07647 0.04009 0.01812 0.00573 0.00000 (4)  0.403 +-  0.176
 173 G   0.17628 0.27903 0.23847 0.15229 0.08319 0.04094 0.01852 0.00769 0.00284 0.00075 0.00000 (2)  0.244 +-  0.157
 174 V   0.00006 0.00382 0.02200 0.05752 0.10130 0.13953 0.16076 0.15881 0.13170 0.07364 0.15086 (7)  0.931 +-  0.683
 175 V   0.66484 0.22423 0.07661 0.02412 0.00727 0.00212 0.00060 0.00016 0.00004 0.00001 0.00000 (1)  0.099 +-  0.084
 176 S   0.48632 0.25736 0.13696 0.06645 0.03053 0.01344 0.00567 0.00226 0.00082 0.00021 0.00000 (1)  0.148 +-  0.129
 177 T   0.80148 0.13591 0.04156 0.01382 0.00475 0.00165 0.00057 0.00019 0.00006 0.00001 0.00000 (1)  0.079 +-  0.070
 178 P   0.75491 0.15254 0.05556 0.02197 0.00896 0.00369 0.00151 0.00059 0.00022 0.00006 0.00000 (1)  0.090 +-  0.087
 179 L   0.65970 0.17247 0.08134 0.04162 0.02195 0.01167 0.00614 0.00313 0.00147 0.00051 0.00001 (1)  0.118 +-  0.125
 180 I   0.71296 0.16365 0.06764 0.03029 0.01397 0.00648 0.00298 0.00132 0.00054 0.00016 0.00000 (1)  0.101 +-  0.103
 181 R   0.86671 0.10379 0.02247 0.00530 0.00130 0.00032 0.00008 0.00002 0.00000 0.00000 0.00000 (1)  0.067 +-  0.049
 182 N   0.83093 0.12239 0.03278 0.00963 0.00295 0.00092 0.00029 0.00009 0.00003 0.00001 0.00000 (1)  0.074 +-  0.061
 183 G   0.81965 0.12785 0.03611 0.01114 0.00356 0.00116 0.00037 0.00012 0.00003 0.00001 0.00000 (1)  0.076 +-  0.064
 184 D   0.88859 0.09045 0.01669 0.00337 0.00071 0.00015 0.00003 0.00001 0.00000 0.00000 0.00000 (1)  0.064 +-  0.043
 185 W   0.48006 0.25739 0.13879 0.06823 0.03176 0.01416 0.00605 0.00244 0.00089 0.00024 0.00000 (1)  0.150 +-  0.130
 186 T   0.83309 0.12175 0.03209 0.00920 0.00273 0.00082 0.00024 0.00007 0.00002 0.00000 0.00000 (1)  0.073 +-  0.060
 187 F   0.24828 0.31269 0.22147 0.12048 0.05714 0.02475 0.00996 0.00371 0.00123 0.00029 0.00000 (2)  0.207 +-  0.141
 188 Q   0.84404 0.11620 0.02888 0.00782 0.00219 0.00062 0.00018 0.00005 0.00001 0.00000 0.00000 (1)  0.071 +-  0.056
 189 I   0.20839 0.30048 0.23508 0.13741 0.06856 0.03073 0.01263 0.00475 0.00159 0.00038 0.00000 (2)  0.224 +-  0.147
 190 L   0.80687 0.13354 0.03994 0.01301 0.00439 0.00150 0.00051 0.00017 0.00005 0.00001 0.00000 (1)  0.078 +-  0.069
 191 V   0.87959 0.09598 0.01905 0.00415 0.00094 0.00022 0.00005 0.00001 0.00000 0.00000 0.00000 (1)  0.065 +-  0.046
 192 M   0.74354 0.19126 0.04976 0.01193 0.00274 0.00061 0.00013 0.00003 0.00001 0.00000 0.00000 (1)  0.084 +-  0.067
 193 L   0.79654 0.13776 0.04306 0.01466 0.00517 0.00184 0.00065 0.00023 0.00007 0.00002 0.00000 (1)  0.080 +-  0.072
 194 E   0.70779 0.16468 0.06903 0.03138 0.01469 0.00693 0.00324 0.00146 0.00061 0.00019 0.00000 (1)  0.103 +-  0.105
 195 M   0.43832 0.34049 0.14950 0.05085 0.01522 0.00420 0.00109 0.00026 0.00006 0.00001 0.00000 (1)  0.138 +-  0.101
 196 T   0.36835 0.24455 0.16394 0.10043 0.05838 0.03258 0.01745 0.00885 0.00408 0.00136 0.00001 (1)  0.198 +-  0.167
 197 P   0.21374 0.29437 0.22821 0.13593 0.07063 0.03352 0.01478 0.00603 0.00220 0.00058 0.00000 (2)  0.226 +-  0.152
 198 Q   0.25158 0.31324 0.22005 0.11911 0.05640 0.02446 0.00989 0.00371 0.00125 0.00030 0.00000 (2)  0.206 +-  0.141
 199 R   0.00000 0.00003 0.00039 0.00172 0.00475 0.00975 0.01617 0.02249 0.02597 0.02063 0.89810 (11)  2.323 +-  0.529
 200 G   0.58823 0.17741 0.09647 0.05680 0.03441 0.02097 0.01263 0.00735 0.00393 0.00154 0.00026 (1)  0.146 +-  0.160
 201 D   0.48346 0.25609 0.13722 0.06743 0.03157 0.01424 0.00619 0.00256 0.00096 0.00027 0.00000 (1)  0.150 +-  0.131
 202 V   0.07599 0.25779 0.27602 0.19209 0.10784 0.05296 0.02352 0.00952 0.00340 0.00087 0.00000 (3)  0.283 +-  0.153
 203 Y   0.81915 0.12837 0.03623 0.01111 0.00351 0.00112 0.00036 0.00011 0.00003 0.00001 0.00000 (1)  0.076 +-  0.064
 204 T   0.06241 0.23134 0.26913 0.20231 0.12194 0.06389 0.03009 0.01282 0.00480 0.00128 0.00000 (3)  0.300 +-  0.159
 205 C   0.81381 0.13081 0.03784 0.01187 0.00384 0.00125 0.00041 0.00013 0.00004 0.00001 0.00000 (1)  0.077 +-  0.066
 206 H   0.05977 0.22520 0.26647 0.20385 0.12512 0.06680 0.03208 0.01395 0.00533 0.00145 0.00000 (3)  0.305 +-  0.161
 207 V   0.87959 0.09598 0.01905 0.00415 0.00094 0.00022 0.00005 0.00001 0.00000 0.00000 0.00000 (1)  0.065 +-  0.046
 208 E   0.89414 0.08682 0.01532 0.00297 0.00060 0.00012 0.00003 0.00001 0.00000 0.00000 0.00000 (1)  0.063 +-  0.041
 209 H   0.86255 0.10618 0.02361 0.00573 0.00144 0.00037 0.00009 0.00002 0.00001 0.00000 0.00000 (1)  0.068 +-  0.051
 210 P   0.00686 0.08599 0.18781 0.22236 0.19359 0.13907 0.08671 0.04766 0.02253 0.00742 0.00001 (4)  0.420 +-  0.180
 211 S   0.86545 0.10457 0.02280 0.00541 0.00133 0.00033 0.00008 0.00002 0.00000 0.00000 0.00000 (1)  0.067 +-  0.050
 212 L   0.05003 0.20148 0.25496 0.20872 0.13716 0.07845 0.04039 0.01884 0.00772 0.00225 0.00000 (3)  0.323 +-  0.168
 213 Q   0.84108 0.11772 0.02975 0.00819 0.00233 0.00067 0.00019 0.00005 0.00001 0.00000 0.00000 (1)  0.072 +-  0.057
 214 S   0.08509 0.27610 0.28137 0.18547 0.09814 0.04519 0.01873 0.00703 0.00232 0.00055 0.00000 (3)  0.270 +-  0.147
 215 P   0.82312 0.12650 0.03505 0.01056 0.00329 0.00103 0.00032 0.00010 0.00003 0.00001 0.00000 (1)  0.075 +-  0.063
 216 I   0.32806 0.33708 0.19532 0.08729 0.03416 0.01226 0.00411 0.00128 0.00036 0.00007 0.00000 (2)  0.172 +-  0.122
 217 T   0.00000 0.00000 0.00003 0.00050 0.00360 0.01425 0.03735 0.07117 0.10091 0.08876 0.68343 (11)  1.966 +-  0.788
 218 V   0.87959 0.09598 0.01905 0.00415 0.00094 0.00022 0.00005 0.00001 0.00000 0.00000 0.00000 (1)  0.065 +-  0.046
 219 E   0.71056 0.20644 0.06077 0.01650 0.00429 0.00108 0.00027 0.00006 0.00001 0.00000 0.00000 (1)  0.090 +-  0.074
 220 W   0.78815 0.14133 0.04560 0.01596 0.00575 0.00209 0.00075 0.00026 0.00008 0.00002 0.00000 (1)  0.082 +-  0.075
 221 R   0.82591 0.12504 0.03424 0.01022 0.00316 0.00099 0.00031 0.00009 0.00003 0.00001 0.00000 (1)  0.074 +-  0.062
 222 A   0.62332 0.17609 0.08966 0.04944 0.02806 0.01602 0.00904 0.00493 0.00247 0.00091 0.00006 (1)  0.131 +-  0.141
 223 Q   0.83695 0.11979 0.03096 0.00871 0.00254 0.00075 0.00022 0.00006 0.00002 0.00000 0.00000 (1)  0.072 +-  0.059
 224 S   0.58204 0.17754 0.09761 0.05809 0.03555 0.02188 0.01330 0.00781 0.00421 0.00166 0.00030 (1)  0.149 +-  0.164
 225 E   0.30552 0.22809 0.17150 0.11742 0.07602 0.04709 0.02790 0.01560 0.00789 0.00289 0.00008 (1)  0.233 +-  0.189
 226 S   0.61601 0.17649 0.09115 0.05099 0.02936 0.01701 0.00974 0.00539 0.00274 0.00102 0.00009 (1)  0.134 +-  0.145
 227 A   0.84687 0.11472 0.02807 0.00748 0.00207 0.00058 0.00016 0.00004 0.00001 0.00000 0.00000 (1)  0.071 +-  0.056
 228 Q   0.83842 0.11906 0.03052 0.00852 0.00246 0.00072 0.00021 0.00006 0.00002 0.00000 0.00000 (1)  0.072 +-  0.058
 229 S   0.28217 0.32537 0.21147 0.10585 0.04633 0.01857 0.00693 0.00240 0.00074 0.00017 0.00000 (2)  0.191 +-  0.133
 230 K   0.88028 0.09566 0.01883 0.00405 0.00091 0.00021 0.00005 0.00001 0.00000 0.00000 0.00000 (1)  0.065 +-  0.045
 231 M   0.72660 0.19939 0.05534 0.01415 0.00346 0.00082 0.00019 0.00004 0.00001 0.00000 0.00000 (1)  0.087 +-  0.070
 232 L   0.80065 0.13615 0.04182 0.01398 0.00484 0.00169 0.00059 0.00020 0.00006 0.00001 0.00000 (1)  0.080 +-  0.071
 233 S   0.10976 0.20543 0.21647 0.17506 0.12333 0.07927 0.04726 0.02605 0.01280 0.00451 0.00005 (3)  0.316 +-  0.192
 234 G   0.75361 0.15277 0.05591 0.02226 0.00915 0.00380 0.00157 0.00063 0.00023 0.00006 0.00000 (1)  0.090 +-  0.087
 235 V   0.00001 0.00221 0.01782 0.05506 0.10582 0.15204 0.17766 0.17468 0.14232 0.07734 0.09502 (7)  0.834 +-  0.566
 236 G   0.77331 0.14589 0.05001 0.01876 0.00732 0.00291 0.00115 0.00045 0.00016 0.00004 0.00000 (1)  0.086 +-  0.081
 237 G   0.84670 0.11477 0.02812 0.00752 0.00208 0.00058 0.00016 0.00004 0.00001 0.00000 0.00000 (1)  0.071 +-  0.056
 238 F   0.03814 0.16969 0.23644 0.21239 0.15263 0.09513 0.05318 0.02683 0.01185 0.00371 0.00000 (3)  0.350 +-  0.177
 239 V   0.65314 0.22808 0.08073 0.02634 0.00823 0.00249 0.00073 0.00021 0.00005 0.00001 0.00000 (1)  0.102 +-  0.087
 240 L   0.79666 0.13776 0.04302 0.01463 0.00515 0.00183 0.00065 0.00022 0.00007 0.00002 0.00000 (1)  0.080 +-  0.072
 241 G   0.86557 0.10439 0.02280 0.00544 0.00135 0.00034 0.00009 0.00002 0.00000 0.00000 0.00000 (1)  0.067 +-  0.050
 242 L   0.51776 0.25526 0.12703 0.05789 0.02509 0.01047 0.00420 0.00160 0.00056 0.00014 0.00000 (1)  0.138 +-  0.121
 243 I   0.32803 0.33675 0.19521 0.08740 0.03431 0.01238 0.00417 0.00131 0.00037 0.00008 0.00000 (2)  0.173 +-  0.123
 244 F   0.59401 0.24500 0.10162 0.03850 0.01384 0.00478 0.00158 0.00050 0.00014 0.00003 0.00000 (1)  0.116 +-  0.100
 245 L   0.01489 0.08609 0.15656 0.18445 0.17462 0.14392 0.10674 0.07162 0.04211 0.01746 0.00153 (4)  0.454 +-  0.219
 246 G   0.26732 0.32057 0.21620 0.11207 0.05072 0.02100 0.00809 0.00289 0.00093 0.00021 0.00000 (2)  0.198 +-  0.137
 247 L   0.02848 0.13997 0.21429 0.21067 0.16519 0.11209 0.06810 0.03729 0.01786 0.00605 0.00002 (3)  0.379 +-  0.186
 248 G   0.85336 0.11123 0.02621 0.00674 0.00180 0.00049 0.00013 0.00003 0.00001 0.00000 0.00000 (1)  0.069 +-  0.054
 249 L   0.31493 0.23082 0.17056 0.11492 0.07330 0.04480 0.02621 0.01449 0.00726 0.00264 0.00008 (1)  0.228 +-  0.186
 250 I   0.00000 0.00076 0.01217 0.05250 0.11889 0.18201 0.21199 0.19811 0.14801 0.07163 0.00394 (7)  0.665 +-  0.203
 251 I   0.28381 0.32705 0.21136 0.10482 0.04534 0.01793 0.00660 0.00225 0.00069 0.00015 0.00000 (2)  0.190 +-  0.132
 252 R   0.00000 0.00000 0.00005 0.00037 0.00152 0.00415 0.00860 0.01426 0.01895 0.01690 0.93520 (11)  2.390 +-  0.421
 253 Q   0.00018 0.01711 0.08820 0.17445 0.21464 0.19754 0.14798 0.09343 0.04905 0.01741 0.00003 (5)  0.515 +-  0.177
 254 R   0.59787 0.24466 0.10024 0.03742 0.01324 0.00450 0.00147 0.00045 0.00013 0.00003 0.00000 (1)  0.115 +-  0.099
 255 S   0.00056 0.01456 0.05790 0.11599 0.16300 0.18277 0.17334 0.14192 0.09800 0.04588 0.00609 (6)  0.592 +-  0.243
 256 Q   0.25062 0.31309 0.22046 0.11950 0.05661 0.02455 0.00991 0.00371 0.00124 0.00030 0.00000 (2)  0.206 +-  0.141
 257 K   0.80789 0.13309 0.03963 0.01286 0.00433 0.00147 0.00050 0.00016 0.00005 0.00001 0.00000 (1)  0.078 +-  0.068
 258 G   0.05362 0.12797 0.17041 0.17285 0.15175 0.12084 0.08879 0.06000 0.03594 0.01532 0.00251 (4)  0.414 +-  0.240
 259 L   0.00000 0.00000 0.00000 0.00000 0.00001 0.00004 0.00020 0.00060 0.00133 0.00184 0.99598 (11)  2.493 +-  0.104
 260 L   0.00000 0.00000 0.00000 0.00000 0.00000 0.00001 0.00008 0.00030 0.00079 0.00125 0.99758 (11)  2.496 +-  0.080
 261 H   0.00000 0.00000 0.00000 0.00000 0.00000 0.00000 0.00000 0.00000 0.00000 0.00000 1.00000 (11)  2.500 +-  0.004
