    -1    189    124


 1

     1      1    -2.4461333444   0.086627900000      16.3727  -------------------A---
     2      1    -3.9472461196   0.019307800000       3.6492  -------------------C---
     3      1    -2.8462972665   0.058058900000      10.9731  -------------------E---
     4      2    -2.4858855287   0.083251800000      15.7346  -------------------G---
     5      2    -3.7118901819   0.024431300000       4.6175  -------------------H---
     6      1    -3.0268927578   0.048466000000       9.1601  -------------------I---
     7      4    -2.4509806984   0.086209000000      16.2935  -------------------L---
     8      1    -3.9372023615   0.019502700000       3.6860  -------------------M---
     9      1    -3.2419039485   0.039089400000       7.3879  -------------------N---
    10      1    -3.0842771894   0.045763100000       8.6492  -------------------P---
    11      1    -3.1242022113   0.043972000000       8.3107  -------------------R---
    12      2    -2.6661710056   0.069517900000      13.1389  -------------------S---
    13      1    -2.7966732398   0.061012700000      11.5314  -------------------T---
    14      1    -4.2415067188   0.014385900000       2.7189  -------------------W---
    15      1    -3.3446034605   0.035274200000       6.6668  -------------------Y---
    16      1    -9.0143013683   0.000121657436       0.0230  ---F---------------A---
    17      1    -8.5154406358   0.000200350818       0.0379  ---F---------------S---
    18      1    -9.4417783033   0.000079339194       0.0150  ---F---------------T---
    19      1    -2.5594933663   0.077343915555      14.6180  ---G---------------G---
    20      1    -8.5432171971   0.000194862340       0.0368  ---H---------------D---
    21      1    -8.3659693336   0.000232651407       0.0440  ---I---------------A---
    22      1    -7.2777714704   0.000690723147       0.1305  ---K---------------A---
    23      1    -6.3475763617   0.001750985754       0.3309  ---K---------------R---
    24      1    -7.6564194274   0.000472997986       0.0894  ---L---------------A---
    25      1    -9.2051689949   0.000100518477       0.0190  ---L---------------C---
    26      2    -2.5543121703   0.077745689474      14.6939  ---L---------------L---
    27      1    -8.0486925013   0.000319519421       0.0604  ---L---------------S---
    28      1    -6.8617392576   0.001047091187       0.1979  ---S---------------G---
    29      1    -2.8524619524   0.057702086072      10.9057  ---S---------------S---
    30      1    -6.1512170976   0.002130886694       0.4027  ---S---------------T---
    31      1    -9.4417783033   0.000079339194       0.0150  ---T---------------F---
    32      1    -7.1328138014   0.000798469489       0.1509  ---T---------------V---
    33      1    -2.6465469066   0.070895600000      13.3993  ---V-------------------
    34      1    -8.2325399703   0.000265860195       0.0502  ---V---------------S---
    35      2    -3.1289800065   0.043762411871       8.2711  AAA-AAAAAAAAAAAAAAAAAAA
    36      6    -3.1580791964   0.042507310912       8.0339  AAAAAAAAAAAAAAAAAAAAAAA
    37      1    -7.8173736170   0.000402677882       0.0761  AAAAAAAAAAAAAAAAGAAAAAA
    38      2    -7.2229142726   0.000729672852       0.1379  AAAAAAAAAAAAAAAASAAAAAA
    39      1   -14.1805968887   0.000000694137       0.0001  ATA-AAVAAAAAAAAAAAAAAVA
    40      1    -9.9061561733   0.000049866747       0.0094  ATAAATTTATTAAAAATAAAATA
    41      1    -4.3570397673   0.012816270695       2.4223  CCC-CCCCCCCCCCCCCCCCCCC
    42      7    -4.3796294426   0.012530000845       2.3682  CCCCCCCCCCCCCCCCCCCCCCC
    43      1    -3.5011522253   0.030162609271       5.7007  DDD-DDDDDDDDDDDDDDDDDDD
    44      4    -3.5293625490   0.029323602270       5.5422  DDDDDDDDDDDDDDDDDDDDDDD
    45      1    -8.5791784492   0.000187979349       0.0355  DDDDDDDDDDDNDDDNDDDDDDD
    46      1   -19.3938589273   0.000000003779       0.0000  DQDDDQQQDEQDDDDDQDDDDED
    47      1    -8.1101752206   0.000300466221       0.0568  EEE-EEEEEEEEEEEEAEEEEEE
    48      1    -3.5670976914   0.028237689356       5.3369  EEE-EEEEEEEEEEEEEEEEEEE
    49      1    -3.5970672778   0.027403972953       5.1794  EEEEEEEEEEEEEEEEEEEEEEE
    50      1    -3.8105052155   0.022136992181       4.1839  FFFFFFFFFFFFFFFFFFFFFFF
    51      1   -12.5325402572   0.000003607339       0.0007  FYF-FYFYFFYFFFFFWFFFFFF
    52      3    -2.9002052532   0.055011927521      10.3973  GGG-GGGGGGGGGGGGGGGGGGG
    53      1   -10.7380845545   0.000021702468       0.0041  GGG-GGGGGGGGGGGGGGGGSGG
    54      1    -8.0468457318   0.000320110045       0.0605  GGG-GGGGGGGGGGGGNGGGGGG
    55      6    -2.9229982140   0.053772224737      10.1630  GGGGGGGGGGGGGGGGGGGGGGG
    56      1   -17.3342901543   0.000000029636       0.0000  GRGGGGGRGGRGGGGGKGGGGGG
    57      1   -31.5164092627   0.000000000000       0.0000  GSGNDNDNGDSDGDGDDNNDGDG
    58      1   -11.3100041156   0.000012249761       0.0023  HGHHHGHGHHGHHHHHGHHHHHH
    59      1   -23.1624457385   0.000000000087       0.0000  HHRHHHHRHHRHRHRHHHHHRHR
    60      1   -25.4873114841   0.000000000009       0.0000  HRRHHRHRRHRRRHRRHHHHRRR
    61      1   -10.0184978267   0.000044567849       0.0084  III-IIIIIIIVIIIVVIIIIII
    62      4    -3.7759171921   0.022916062569       4.3311  IIIIIIIIIIIIIIIIIIIIIII
    63      1    -9.1554129324   0.000105646395       0.0200  IILIIIIILIIILILIIIIILIL
    64      1   -13.8603679763   0.000000956134       0.0002  ILI-IFILIILIIIIILIIIIII
    65      1   -14.0107258506   0.000000822658       0.0002  ILI-ILILVILIVIVIIIIIIIV
    66      1   -17.3050584838   0.000000030515       0.0000  IVV-IIVIVVIIVIVIKIIIVVV
    67      3    -3.4653484485   0.031262110293       5.9085  KKK-KKKKKKKKKKKKKKKKKKK
    68      1    -3.4945065264   0.030363728439       5.7387  KKKKKKKKKKKKKKKKKKKKKKK
    69      1    -9.7142213761   0.000060418127       0.0114  KKKKKKKRKKRKKKKKKKKKKKK
    70      1    -9.8933907013   0.000050507400       0.0095  KKKKKKRKKKKKKKKKKKKKKRK
    71      5    -2.9811195662   0.050735999747       9.5891  LLL-LLLLLLLLLLLLLLLLLLL
    72      1    -9.8289939788   0.000053866921       0.0102  LLL-LLLMLLMLLLLLLLLLLLL
    73      1    -8.7892094214   0.000152368379       0.0288  LLL-LLLVLLLLLLLLLLLLLLL
    74      3    -3.0070273070   0.049438425797       9.3439  LLLLLLLLLLLLLLLLLLLLLLL
    75      1   -30.4714130577   0.000000000000       0.0000  LML-LSLQLFRLLLLLKLLLLLL
    76      1    -9.9983039804   0.000045476994       0.0086  LMM-LMMMMMMLMLMLMLLLMMM
    77      1    -4.6861836136   0.009221813087       1.7429  MMM-MMMMMMMMMMMMMMMMMMM
    78      1   -12.7669851811   0.000002853440       0.0005  NDDNNDNDDNDNDNDNDNNNDND
    79      1   -13.4538381173   0.000001435729       0.0003  NDNNNDDDNDDDNNNDDNNNNDN
    80      1    -7.9055976738   0.000368674037       0.0697  NNN-NNNNNNNNNNNNDNNNNNN
    81      1   -16.8180050218   0.000000049663       0.0000  NNNNNNANNANNNNNNRNNNNAN
    82      1    -8.9830773064   0.000125516001       0.0237  NNNNNNNNNNNDNNNDNNNNNNN
    83      1    -9.4978842999   0.000075010362       0.0142  NNNNNNNNNNNNNNNNENNNNNN
    84      5    -4.0585004628   0.017274904064       3.2650  NNNNNNNNNNNNNNNNNNNNNNN
    85      1   -21.3540035195   0.000000000532       0.0000  NNNNNNNSSNNSSNSSSNNNSNS
    86      1   -16.4994839634   0.000000068291       0.0000  PAPPPAPPAPPPAPAPPPPPPPA
    87      2    -3.5833465764   0.027782566026       5.2509  PPPPPPPPPPPPPPPPPPPPPPP
    88      1   -11.3783842587   0.000011440118       0.0022  QQQ-QQQQQQQQQQQQQQQQQHQ
    89      1   -13.7235648845   0.000001096305       0.0002  QQQQQQQQQQEQQQQQSQQQQQQ
    90      4    -4.0999934804   0.016572783449       3.1323  QQQQQQQQQQQQQQQQQQQQQQQ
    91      1   -13.5180419983   0.000001346446       0.0003  QRQQQRQRQQRKQQQKRQQQQQQ
    92      1   -20.2363265176   0.000000001627       0.0000  QRRQQRQQRQRQRQRQKQQQRQR
    93      1   -13.9980991031   0.000000833111       0.0002  QRRQQRRRRRRERQRERQQQRRR
    94      1   -16.5527418018   0.000000064749       0.0000  RHR-RRRRRRRKRRRKARRRRRR
    95      1    -8.0990944820   0.000303814123       0.0574  RKR-RRRRRRRRRRRRRRRRRRR
    96      1   -16.2218850171   0.000000090142       0.0000  RQRRRRRQRRRRRRRRKRRRRRR
    97      1    -3.7576205780   0.023339208184       4.4111  RRR-RRRRRRRRRRRRRRRRRRR
    98      1   -16.9181938836   0.000000044928       0.0000  RRR-RRRRRRSKRRRKARRRRRR
    99      1   -11.7155688355   0.000008165694       0.0015  RRRRRKRRRRRRRRRRKRRRRRR
   100      1   -11.9052170448   0.000006755071       0.0013  RRRRRRKRRKRRRRRRKRRRRKR
   101      1    -3.7856133840   0.022694937795       4.2893  RRRRRRRRRRRRRRRRRRRRRRR
   102      1   -11.6762207055   0.000008493404       0.0016  RRRSSRRRRRRSRSRSRSSSRRR
   103      1   -25.2226494332   0.000000000011       0.0000  SSRSSTSTRNTSRSRSRSSSRSR
   104      2    -3.4336481208   0.032269004555       6.0988  SSS-SSSSSSSSSSSSSSSSSSS
   105      1   -14.4766915075   0.000000516241       0.0001  SSSSSSSPSSSSSSSSPSSSSSS
   106      3    -3.4646234164   0.031284784544       5.9128  SSSSSSSSSSSSSSSSSSSSSSS
   107      1   -25.5540250714   0.000000000008       0.0000  TAATTTATATNAATAATTTTAAA
   108      1    -9.5551291121   0.000070836999       0.0134  TITTTTTTTTTTTTTTTTTTTTT
   109      1   -28.8294917961   0.000000000000       0.0000  TPT-TTMTMMTTTTTTTTTTTVT
   110      1    -8.9659033015   0.000127690230       0.0241  TTT-TTTTTTTTTTTTETTTTTT
   111      3    -3.5218170461   0.029545700463       5.5841  TTTTTTTTTTTTTTTTTTTTTTT
   112      1   -15.3971106667   0.000000205646       0.0000  VAV-VVVVVVGVVVVVVVVVVVV
   113      1   -17.7927681826   0.000000018737       0.0000  VLL-VLLLLLLLLVLLLVAVLLL
   114      1   -18.5611241412   0.000000008690       0.0000  VLLVVLVVVVLVVVVVLVVVVVV
   115      1   -16.5123283214   0.000000067420       0.0000  VMMVVVMMMMMVMVMVMVVVMMM
   116      1   -20.5509170583   0.000000001188       0.0000  VTIVVTVVVVIVVVVVIVVVVVV
   117      1    -9.0484980358   0.000117567487       0.0222  VTV-VVVVVVVVVVVVVVVVVVV
   118      1    -3.3168055835   0.036268503610       6.8547  VVV-VVVVVVVVVVVVVVVVVVV
   119      1   -11.1934093502   0.000013764616       0.0026  VVVVVIVIVVIVVVVVVVVVVVV
   120      5    -3.3457872127   0.035232468790       6.6589  VVVVVVVVVVVVVVVVVVVVVVV
   121      1   -11.5125957707   0.000010003297       0.0019  WWW-WWWWWWWWWWWWWWWYWWW
   122      4    -4.6610852209   0.009456194772       1.7872  WWWWWWWWWWWWWWWWWWWWWWW
   123      1    -3.8764034782   0.020725230044       3.9171  YYY-YYYYYYYYYYYYYYYYYYY
   124      5    -3.9022483960   0.020196450738       3.8171  YYYYYYYYYYYYYYYYYYYYYYY
