

TREE # 1
   1   1361.07437 x   0.00000  0.00000  0.00000  0.00000  0.08330  0.00000  0.00000  0.00000  0.00325  0.00363  0.00000  0.00546  0.00000  0.00000  0.10432  0.01259  0.00000  0.03488  0.05077  0.00662  0.00457  0.00581  0.01372  0.02318  0.00000  0.00000  0.00000  0.00000  0.00000  0.02674  0.02695  0.01500  0.00812  0.02145  0.00464  0.08386  0.21501  0.03007  0.02423  0.04374  0.04746  0.00964  0.03653  0.10094  0.48750
   2   1359.22884 x   0.00000  0.00000  0.00000  0.00000  0.08372  0.00000  0.00000  0.00000  0.00493  0.00530  0.00000  0.00630  0.00000  0.00000  0.10485  0.01316  0.00000  0.03487  0.05129  0.01019  0.00628  0.00673  0.01382  0.01911  0.00000  0.00000  0.00000  0.00000  0.00000  0.02706  0.02709  0.01421  0.01323  0.02138  0.00573  0.08503  0.21747  0.03090  0.02492  0.04538  0.04838  0.01350  0.03663  0.10233  0.51250
   3   1358.69717 x   0.00000  0.00000  0.00000  0.00000  0.08500  0.00000  0.00000  0.00000  0.00631  0.00649  0.00000  0.00654  0.00000  0.00000  0.10620  0.01338  0.00000  0.03532  0.05218  0.01301  0.00704  0.00698  0.01400  0.01195  0.00000  0.00000  0.00000  0.00000  0.00000  0.02744  0.02730  0.01393  0.01831  0.02154  0.00599  0.08561  0.21985  0.03111  0.02501  0.04603  0.04870  0.01539  0.03669  0.10319  0.52172
   4   1358.62155 x   0.00000  0.00000  0.00000  0.00000  0.08571  0.00000  0.00000  0.00000  0.00684  0.00686  0.00000  0.00659  0.00000  0.00000  0.10688  0.01348  0.00000  0.03551  0.05256  0.01398  0.00712  0.00703  0.01407  0.01373  0.00000  0.00000  0.00000  0.00000  0.00000  0.02776  0.02762  0.01379  0.02109  0.02173  0.00601  0.08626  0.22171  0.03128  0.02515  0.04648  0.04901  0.01577  0.03692  0.10396  0.52586
   5   1358.61726 x   0.00000  0.00000  0.00000  0.00000  0.08659  0.00000  0.00000  0.00000  0.00696  0.00694  0.00000  0.00666  0.00000  0.00000  0.10786  0.01360  0.00000  0.03583  0.05307  0.01417  0.00718  0.00709  0.01420  0.01416  0.00000  0.00000  0.00000  0.00000  0.00000  0.02798  0.02788  0.01375  0.02173  0.02186  0.00605  0.08670  0.22285  0.03139  0.02526  0.04670  0.04923  0.01583  0.03707  0.10440  0.52921
   6   1358.61715 x   0.00000  0.00000  0.00000  0.00000  0.08667  0.00000  0.00000  0.00000  0.00696  0.00695  0.00000  0.00666  0.00000  0.00000  0.10794  0.01361  0.00000  0.03585  0.05310  0.01418  0.00719  0.00710  0.01421  0.01417  0.00000  0.00000  0.00000  0.00000  0.00000  0.02800  0.02790  0.01376  0.02175  0.02187  0.00605  0.08674  0.22292  0.03141  0.02527  0.04672  0.04926  0.01584  0.03708  0.10444  0.53086
   7   1358.61715 x   0.00000  0.00000  0.00000  0.00000  0.08669  0.00000  0.00000  0.00000  0.00696  0.00695  0.00000  0.00666  0.00000  0.00000  0.10797  0.01362  0.00000  0.03585  0.05312  0.01418  0.00719  0.00710  0.01421  0.01417  0.00000  0.00000  0.00000  0.00000  0.00000  0.02800  0.02791  0.01376  0.02175  0.02188  0.00605  0.08675  0.22295  0.03142  0.02527  0.04672  0.04926  0.01584  0.03709  0.10445  0.53099
   8   1358.61715 x   0.00000  0.00000  0.00000  0.00000  0.08670  0.00000  0.00000  0.00000  0.00696  0.00695  0.00000  0.00666  0.00000  0.00000  0.10798  0.01362  0.00000  0.03586  0.05312  0.01418  0.00719  0.00710  0.01421  0.01417  0.00000  0.00000  0.00000  0.00000  0.00000  0.02800  0.02791  0.01376  0.02175  0.02188  0.00605  0.08675  0.22296  0.03142  0.02527  0.04672  0.04926  0.01584  0.03709  0.10445  0.53102
   9   1358.61715 x   0.00000  0.00000  0.00000  0.00000  0.08670  0.00000  0.00000  0.00000  0.00696  0.00695  0.00000  0.00666  0.00000  0.00000  0.10798  0.01362  0.00000  0.03586  0.05312  0.01418  0.00719  0.00710  0.01421  0.01417  0.00000  0.00000  0.00000  0.00000  0.00000  0.02800  0.02791  0.01376  0.02175  0.02188  0.00605  0.08675  0.22296  0.03142  0.02527  0.04672  0.04926  0.01584  0.03709  0.10445  0.53103
